   0.00000E+00  1.00000E-35  1.00000E-35
   1.75104E-05  2.47365E-04  1.41267E+01
   2.01367E-05  2.84465E-04  1.41267E+01
   2.31567E-05  3.27128E-04  1.41267E+01
   2.66296E-05  3.76189E-04  1.41267E+01
   3.06233E-05  4.32607E-04  1.41267E+01
   3.52158E-05  4.97483E-04  1.41267E+01
   4.04968E-05  5.72087E-04  1.41267E+01
   4.65696E-05  6.57875E-04  1.41267E+01
   5.35526E-05  7.56523E-04  1.41267E+01
   6.15824E-05  8.69957E-04  1.41267E+01
   7.08157E-05  1.00039E-03  1.41267E+01
   8.14326E-05  1.15037E-03  1.41267E+01
   9.36403E-05  1.32283E-03  1.41267E+01
   1.07677E-04  1.52112E-03  1.41267E+01
   1.23816E-04  1.74911E-03  1.41267E+01
   1.42372E-04  2.01124E-03  1.41267E+01
   1.63705E-04  2.31262E-03  1.41267E+01
   1.88232E-04  2.65910E-03  1.41267E+01
   2.16428E-04  3.05742E-03  1.41266E+01
   2.48842E-04  3.51531E-03  1.41266E+01
   2.86101E-04  4.04166E-03  1.41266E+01
   3.28928E-04  4.64665E-03  1.41266E+01
   3.78150E-04  5.34199E-03  1.41265E+01
   4.34717E-04  6.14109E-03  1.41264E+01
   4.99721E-04  7.05935E-03  1.41264E+01
   5.74409E-04  8.11442E-03  1.41262E+01
   6.60214E-04  9.32651E-03  1.41261E+01
   7.58775E-04  1.07188E-02  1.41259E+01
   8.71970E-04  1.23178E-02  1.41256E+01
   1.00195E-03  1.41537E-02  1.41253E+01
   1.15116E-03  1.62613E-02  1.41248E+01
   1.32240E-03  1.86801E-02  1.41243E+01
   1.51889E-03  2.14552E-02  1.41235E+01
   1.74424E-03  2.46380E-02  1.41224E+01
   2.00262E-03  2.82867E-02  1.41211E+01
   2.29873E-03  3.24678E-02  1.41193E+01
   2.63790E-03  3.72563E-02  1.41169E+01
   3.02619E-03  4.27371E-02  1.41138E+01
   3.47040E-03  4.90058E-02  1.41098E+01
   3.97823E-03  5.61699E-02  1.41045E+01
   4.55830E-03  6.43494E-02  1.40975E+01
   5.22026E-03  7.36785E-02  1.40884E+01
   5.97487E-03  8.43053E-02  1.40765E+01
   6.83406E-03  9.63932E-02  1.40611E+01
   7.81101E-03  1.10121E-01  1.40410E+01
   8.92019E-03  1.25680E-01  1.40149E+01
   1.01774E-02  1.43279E-01  1.39813E+01
   1.15997E-02  1.63135E-01  1.39379E+01
   1.32056E-02  1.85474E-01  1.38821E+01
   1.50146E-02  2.10523E-01  1.38108E+01
   1.70474E-02  2.38507E-01  1.37199E+01
   1.93255E-02  2.69634E-01  1.36047E+01
   2.18712E-02  3.04086E-01  1.34592E+01
   2.47071E-02  3.42002E-01  1.32768E+01
   2.78558E-02  3.83455E-01  1.30493E+01
   3.13397E-02  4.28436E-01  1.27676E+01
   3.51802E-02  4.76817E-01  1.24214E+01
   3.93978E-02  5.28331E-01  1.19992E+01
   4.40113E-02  5.82531E-01  1.14887E+01
   4.90375E-02  6.38763E-01  1.08773E+01
   5.44911E-02  6.96133E-01  1.01521E+01
   6.03840E-02  7.53484E-01  9.30111E+00
   6.67256E-02  8.09374E-01  8.31367E+00
   7.35223E-02  8.62074E-01  7.18171E+00
   8.07778E-02  9.09575E-01  5.90077E+00
   8.84930E-02  9.49626E-01  4.47119E+00
   9.66662E-02  9.79780E-01  2.89937E+00
   1.05293E-01  9.97480E-01  1.19891E+00
   1.14368E-01  1.00016E+00 -6.08419E-01
   1.23881E-01  9.85392E-01 -2.49202E+00
   1.33825E-01  9.51011E-01 -4.41218E+00
   1.44186E-01  8.95310E-01 -6.32028E+00
   1.54953E-01  8.17205E-01 -8.15970E+00
   1.66113E-01  7.16404E-01 -9.86731E+00
   1.77653E-01  5.93565E-01 -1.13757E+01
   1.89558E-01  4.50419E-01 -1.26161E+01
   2.01814E-01  2.89844E-01 -1.35216E+01
   2.14407E-01  1.15892E-01 -1.40317E+01
   2.27324E-01 -6.62659E-02 -1.40957E+01
   2.40550E-01 -2.50463E-01 -1.36774E+01
   2.54072E-01 -4.29741E-01 -1.27589E+01
   2.67876E-01 -5.96634E-01 -1.13437E+01
   2.81951E-01 -7.43519E-01 -9.45943E+00
   2.96284E-01 -8.63023E-01 -7.15893E+00
   3.10864E-01 -9.48461E-01 -4.52005E+00
   3.25679E-01 -9.94287E-01 -1.64397E+00
   3.40718E-01 -9.96519E-01  1.34827E+00
   3.55971E-01 -9.53116E-01  4.32071E+00
   3.71429E-01 -8.64269E-01  7.12899E+00
   3.87082E-01 -7.32583E-01  9.62794E+00
   4.02922E-01 -5.63120E-01  1.16800E+01
   4.18940E-01 -3.63294E-01  1.31639E+01
   4.35128E-01 -1.42604E-01  1.39829E+01
   4.51479E-01  8.77880E-02  1.40725E+01
   4.67986E-01  3.15615E-01  1.34064E+01
   4.84642E-01  5.28181E-01  1.20005E+01
   5.01441E-01  7.13117E-01  9.91440E+00
   5.18376E-01  8.59155E-01  7.25029E+00
   5.35442E-01  9.56898E-01  4.14902E+00
   5.52633E-01  9.99504E-01  7.83200E-01
   5.69945E-01  9.83245E-01 -2.65216E+00
   5.87372E-01  9.07901E-01 -5.95098E+00
   6.04910E-01  7.76925E-01 -8.90889E+00
   6.22554E-01  5.97386E-01 -1.13365E+01
   6.40301E-01  3.79654E-01 -1.30726E+01
   6.58147E-01  1.36850E-01 -1.39956E+01
   6.76086E-01 -1.15917E-01 -1.40332E+01
   6.94117E-01 -3.62492E-01 -1.31692E+01
   7.12236E-01 -5.86718E-01 -1.14465E+01
   7.30439E-01 -7.73534E-01 -8.96604E+00
   7.48724E-01 -9.10038E-01 -5.88189E+00
   7.67087E-01 -9.86437E-01 -2.39240E+00
   7.85526E-01 -9.96824E-01  1.27228E+00
   8.04038E-01 -9.39690E-01  4.86521E+00
   8.22621E-01 -8.18160E-01  8.13952E+00
   8.41272E-01 -6.39896E-01  1.08657E+01
   8.59989E-01 -4.16667E-01  1.28485E+01
   8.78769E-01 -1.63617E-01  1.39413E+01
   8.97612E-01  1.01740E-01  1.40583E+01
   9.16514E-01  3.60723E-01  1.31814E+01
   9.35474E-01  5.94812E-01  1.13639E+01
   9.54490E-01  7.86995E-01  8.72737E+00
   9.73560E-01  9.23047E-01  5.45475E+00
   9.92682E-01  9.92625E-01  1.77789E+00
   1.01186E+00  9.90112E-01 -2.03849E+00
   1.03108E+00  9.15120E-01 -5.71579E+00
   1.05035E+00  7.72618E-01 -8.98202E+00
   1.06967E+00  5.72652E-01 -1.15922E+01
   1.08903E+00  3.29682E-01 -1.33475E+01
   1.10844E+00  6.15633E-02 -1.41104E+01
   1.12789E+00 -2.11746E-01 -1.38168E+01
   1.14738E+00 -4.69674E-01 -1.24817E+01
   1.16691E+00 -6.92591E-01 -1.01994E+01
   1.18648E+00 -8.63327E-01 -7.13721E+00
   1.20609E+00 -9.68532E-01 -3.52419E+00
   1.22574E+00 -9.99757E-01  3.66108E-01
   1.24542E+00 -9.54173E-01  4.23597E+00
   1.26514E+00 -8.34874E-01  7.78639E+00
   1.28489E+00 -6.50705E-01  1.07403E+01
   1.30467E+00 -4.15650E-01  1.28648E+01
   1.32449E+00 -1.47794E-01  1.39894E+01
   1.34434E+00  1.32049E-01  1.40208E+01
   1.36422E+00  4.01947E-01  1.29511E+01
   1.38413E+00  6.40574E-01  1.08591E+01
   1.40408E+00  8.28915E-01  7.90524E+00
   1.42405E+00  9.51801E-01  4.31983E+00
   1.44404E+00  9.99165E-01  3.85234E-01
   1.46407E+00  9.66900E-01 -3.58611E+00
   1.48412E+00  8.57254E-01 -7.27652E+00
   1.50420E+00  6.78706E-01 -1.03886E+01
   1.52430E+00  4.45347E-01 -1.26695E+01
   1.54443E+00  1.75790E-01 -1.39317E+01
   1.56459E+00 -1.08300E-01 -1.40690E+01
   1.58476E+00 -3.83939E-01 -1.30659E+01
   1.60496E+00 -6.28687E-01 -1.09996E+01
   1.62519E+00 -8.22490E-01 -8.03457E+00
   1.64544E+00 -9.49338E-01 -4.40973E+00
   1.66570E+00 -9.98620E-01 -4.19602E-01
   1.68599E+00 -9.66034E-01  3.60962E+00
   1.70631E+00 -8.53993E-01  7.34665E+00
   1.72664E+00 -6.71481E-01  1.04825E+01
   1.74699E+00 -4.33353E-01  1.27562E+01
   1.76736E+00 -1.59148E-01  1.39769E+01
   1.78775E+00  1.28505E-01  1.40400E+01
   1.80816E+00  4.05744E-01  1.29371E+01
   1.82859E+00  6.49462E-01  1.07564E+01
   1.84904E+00  8.39244E-01  7.67676E+00
   1.86950E+00  9.59088E-01  3.95312E+00
   1.88998E+00  9.98781E-01 -1.04587E-01
   1.91048E+00  9.54791E-01 -4.15702E+00
   1.93100E+00  8.30601E-01 -7.86382E+00
   1.95153E+00  6.36461E-01 -1.09123E+01
   1.97208E+00  3.88561E-01 -1.30440E+01
   1.99265E+00  1.07693E-01 -1.40768E+01
   2.01323E+00 -1.82483E-01 -1.39210E+01
   2.03383E+00 -4.57428E-01 -1.25872E+01
   2.05444E+00 -6.93805E-01 -1.01857E+01
   2.07507E+00 -8.71469E-01 -6.91812E+00
   2.09571E+00 -9.75195E-01 -3.06051E+00
   2.11636E+00 -9.96004E-01  1.06004E+00
   2.13703E+00 -9.31956E-01  5.09287E+00
   2.15771E+00 -7.88349E-01  8.69364E+00
   2.17841E+00 -5.77301E-01  1.15539E+01
   2.19912E+00 -3.16738E-01  1.34275E+01
   2.21985E+00 -2.88890E-02  1.41523E+01
   2.24058E+00  2.61612E-01  1.36640E+01
   2.26133E+00  5.29828E-01  1.20025E+01
   2.28209E+00  7.52664E-01  9.30847E+00
   2.30287E+00  9.10867E-01  5.81213E+00
   2.32365E+00  9.90697E-01  1.81332E+00
   2.34445E+00  9.85138E-01 -2.34392E+00
   2.36526E+00  8.94532E-01 -6.30092E+00
   2.38608E+00  7.26571E-01 -9.71537E+00
   2.40692E+00  4.95664E-01 -1.22910E+01
   2.42776E+00  2.21713E-01 -1.38035E+01
   2.44861E+00 -7.15980E-02 -1.41202E+01
   2.46948E+00 -3.58845E-01 -1.32118E+01
   2.49036E+00 -6.15065E-01 -1.11554E+01
   2.51124E+00 -8.17934E-01 -8.12815E+00
   2.53214E+00 -9.49719E-01 -4.39222E+00
   2.55305E+00 -9.98837E-01 -2.72049E-01
   2.57397E+00 -9.60891E-01  3.87363E+00
   2.59489E+00 -8.39071E-01  7.68304E+00
   2.61583E+00 -6.43907E-01  1.08230E+01
   2.63678E+00 -3.92362E-01  1.30180E+01
   2.65773E+00 -1.06375E-01  1.40749E+01
   2.67870E+00  1.89051E-01  1.38997E+01
   2.69967E+00  4.68033E-01  1.25060E+01
   2.72066E+00  7.06075E-01  1.00148E+01
   2.74165E+00  8.82227E-01  6.64346E+00
   2.76265E+00  9.80934E-01  2.68708E+00
   2.78366E+00  9.93422E-01 -1.50707E+00
   2.80468E+00  9.18490E-01 -5.57014E+00
   2.82571E+00  7.62636E-01 -9.14412E+00
   2.84674E+00  5.39503E-01 -1.19134E+01
   2.86779E+00  2.68698E-01 -1.36329E+01
   2.88884E+00 -2.59260E-02 -1.41496E+01
   2.90990E+00 -3.18369E-01 -1.34166E+01
   2.93097E+00 -5.82775E-01 -1.14973E+01
   2.95204E+00 -7.95721E-01 -8.56031E+00
   2.97313E+00 -9.38303E-01 -4.86456E+00
   2.99422E+00 -9.97813E-01 -7.36677E-01
   3.01531E+00 -9.68892E-01  3.45783E+00
   3.03642E+00 -8.54013E-01  7.34694E+00
   3.05753E+00 -6.63289E-01  1.05851E+01
   3.07865E+00 -4.13586E-01  1.28841E+01
   3.09978E+00 -1.27040E-01  1.40386E+01
   3.12092E+00  1.70896E-01  1.39449E+01
   3.14206E+00  4.53719E-01  1.26102E+01
   3.16320E+00  6.96227E-01  1.01522E+01
   3.18436E+00  8.76772E-01  6.78881E+00
   3.20552E+00  9.79201E-01  2.81921E+00
   3.22669E+00  9.94303E-01 -1.40302E+00
   3.24786E+00  9.20653E-01 -5.50119E+00
   3.26905E+00  7.64749E-01 -9.10913E+00
   3.29023E+00  5.40455E-01 -1.19040E+01
   3.31143E+00  2.67768E-01 -1.36351E+01
   3.33263E+00 -2.89541E-02 -1.41468E+01
   3.35383E+00 -3.23168E-01 -1.33922E+01
   3.37505E+00 -5.88517E-01 -1.14378E+01
   3.39626E+00 -8.01196E-01 -8.45790E+00
   3.41749E+00 -9.42092E-01 -4.71885E+00
   3.43872E+00 -9.98505E-01 -5.55522E-01
   3.45995E+00 -9.65305E-01  3.65870E+00
   3.48120E+00 -8.45403E-01  7.54537E+00
   3.50244E+00 -6.49506E-01  1.07550E+01
   3.52370E+00 -3.95168E-01  1.29985E+01
   3.54495E+00 -1.05222E-01  1.40734E+01
   3.56622E+00  1.94265E-01  1.38821E+01
   3.58749E+00  4.76336E-01  1.24409E+01
   3.60876E+00  7.15568E-01  9.87867E+00
   3.63004E+00  8.90370E-01  6.42564E+00
   3.65133E+00  9.84935E-01  2.39247E+00
   3.67262E+00  9.90674E-01 -1.85739E+00
   3.69391E+00  9.07009E-01 -5.94055E+00
   3.71521E+00  7.41431E-01 -9.48824E+00
   3.73652E+00  5.08841E-01 -1.21796E+01
   3.75783E+00  2.30215E-01 -1.37709E+01
   3.77914E+00 -6.92874E-02 -1.41174E+01
   3.80046E+00 -3.62589E-01 -1.31872E+01
   3.82179E+00 -6.23144E-01 -1.10634E+01
   3.84312E+00 -8.27343E-01 -7.93767E+00
   3.86445E+00 -9.56656E-01 -4.09243E+00
   3.88579E+00 -9.99319E-01  1.24357E-01
   3.90714E+00 -9.51410E-01  4.33070E+00
   3.92849E+00 -8.17217E-01  8.14515E+00
   3.94984E+00 -6.08862E-01  1.12214E+01
   3.97120E+00 -3.45208E-01  1.32799E+01
   3.99256E+00 -5.01595E-02  1.41331E+01
   4.01392E+00  2.49503E-01  1.37029E+01
   4.03529E+00  5.26554E-01  1.20275E+01
   4.05667E+00  7.55798E-01  9.25854E+00
   4.07805E+00  9.16361E-01  5.64723E+00
   4.09943E+00  9.93598E-01  1.52158E+00
   4.12082E+00  9.80433E-01 -2.74326E+00
   4.14221E+00  8.78014E-01 -6.75912E+00
   4.16360E+00  6.95618E-01 -1.01601E+01
   4.18500E+00  4.49819E-01 -1.26362E+01
   4.20641E+00  1.62982E-01 -1.39611E+01
   4.22782E+00 -1.38765E-01 -1.40134E+01
   4.24923E+00 -4.27911E-01 -1.27878E+01
   4.27064E+00 -6.78070E-01 -1.03954E+01
   4.29206E+00 -8.66391E-01 -7.05394E+00
   4.31348E+00 -9.75651E-01 -3.06795E+00
   4.33491E+00 -9.95830E-01  1.19885E+00
   4.35634E+00 -9.25040E-01  5.35681E+00
   4.37778E+00 -7.69705E-01  9.02590E+00
   4.39921E+00 -5.43981E-01  1.18705E+01
   4.42066E+00 -2.68477E-01  1.36300E+01
   4.44210E+00  3.16310E-02  1.41430E+01
   4.46355E+00  3.28893E-01  1.33620E+01
   4.48500E+00  5.96099E-01  1.13578E+01
   4.50646E+00  8.08767E-01  8.31338E+00
   4.52792E+00  9.47395E-01  4.50710E+00
   4.54938E+00  9.99245E-01  2.87350E-01
   4.57085E+00  9.59527E-01 -3.95935E+00
   4.59232E+00  8.31839E-01 -7.84369E+00
   4.61379E+00  6.27851E-01 -1.10093E+01
   4.63527E+00  3.66241E-01 -1.31655E+01
   4.65674E+00  7.09860E-02 -1.41140E+01
   4.67823E+00 -2.30827E-01 -1.37672E+01
   4.69971E+00 -5.11493E-01 -1.21564E+01
   4.72120E+00 -7.45226E-01 -9.42899E+00
   4.74270E+00 -9.10534E-01 -5.83506E+00
   4.76419E+00 -9.92199E-01 -1.70448E+00
   4.78569E+00 -9.82678E-01  2.58331E+00
   4.80719E+00 -8.82809E-01  6.63415E+00
   4.82870E+00 -7.01740E-01  1.00754E+01
   4.85020E+00 -4.56092E-01  1.25903E+01
   4.87172E+00 -1.68443E-01  1.39470E+01
   4.89323E+00  1.34748E-01  1.40202E+01
   4.91475E+00  4.25574E-01  1.28027E+01
   4.93627E+00  6.77248E-01  1.04060E+01
   4.95779E+00  8.66573E-01  7.05055E+00
   4.97932E+00  9.76080E-01  3.04506E+00
   5.00084E+00  9.95645E-01 -1.24154E+00
   5.02238E+00  9.23431E-01 -5.41420E+00
   5.04391E+00  7.66061E-01 -9.08814E+00
   5.06545E+00  5.38017E-01 -1.19243E+01
   5.08699E+00  2.60311E-01 -1.36608E+01
   5.10853E+00 -4.14499E-02 -1.41369E+01
   5.13008E+00 -3.39422E-01 -1.33082E+01
   5.15162E+00 -6.06095E-01 -1.12509E+01
   5.17317E+00 -8.16832E-01 -8.15435E+00
   5.19473E+00 -9.52148E-01 -4.30430E+00
   5.21628E+00 -9.99514E-01 -5.61630E-02
   5.23784E+00 -9.54521E-01  4.19764E+00
   5.25940E+00 -8.21297E-01  8.06392E+00
   5.28097E+00 -6.12126E-01  1.11851E+01
   5.30254E+00 -3.46327E-01  1.32723E+01
   5.32410E+00 -4.84639E-02  1.41321E+01
   5.34568E+00  2.53917E-01  1.36846E+01
   5.36725E+00  5.32835E-01  1.19707E+01
   5.38883E+00  7.62468E-01  9.14874E+00
   5.41041E+00  9.21539E-01  5.47948E+00
   5.43199E+00  9.95297E-01  1.30247E+00
   5.45357E+00  9.76881E-01 -2.99561E+00
   5.47516E+00  8.67967E-01 -7.01661E+00
   5.49675E+00  6.78619E-01 -1.03879E+01
   5.51834E+00  4.26359E-01 -1.27968E+01
   5.53993E+00  1.34550E-01 -1.40197E+01
   5.56153E+00 -1.69765E-01 -1.39429E+01
   5.58313E+00 -4.58368E-01 -1.25732E+01
   5.60473E+00 -7.04486E-01 -1.00370E+01
   5.62633E+00 -8.85272E-01 -6.56952E+00
   5.64794E+00 -9.83931E-01 -2.49207E+00
   5.66954E+00 -9.91281E-01  1.81705E+00
   5.69115E+00 -9.06613E-01  5.95791E+00
   5.71277E+00 -7.37759E-01  9.54598E+00
   5.73438E+00 -5.00376E-01  1.22479E+01
   5.75600E+00 -2.16493E-01  1.38124E+01
   5.77761E+00  8.75301E-02  1.40939E+01
   5.79923E+00  3.83450E-01  1.30658E+01
   5.82086E+00  6.43761E-01  1.08233E+01
   5.84248E+00  8.44256E-01  7.57458E+00
   5.86411E+00  9.66278E-01  3.62130E+00
   5.88574E+00  9.98457E-01 -6.69066E-01
   5.90737E+00  9.37775E-01 -4.89758E+00
   5.92900E+00  7.89852E-01 -8.67087E+00
   5.95064E+00  5.68426E-01 -1.16377E+01
   5.97228E+00  2.94082E-01 -1.35219E+01
   5.99392E+00 -7.65787E-03 -1.41476E+01
   6.01556E+00 -3.08712E-01 -1.34564E+01
   6.03720E+00 -5.81050E-01 -1.15122E+01
   6.05885E+00 -7.99302E-01 -8.49578E+00
   6.08049E+00 -9.43125E-01 -4.68781E+00
   6.10214E+00 -9.99101E-01 -4.42813E-01
   6.12380E+00 -9.61992E-01  3.84378E+00
   6.14545E+00 -8.35232E-01  7.77253E+00
   6.16710E+00 -6.30613E-01  1.09771E+01
   6.18876E+00 -3.67189E-01  1.31587E+01
   6.21042E+00 -6.95075E-02  1.41136E+01
   6.23208E+00  2.34681E-01  1.37524E+01
   6.25374E+00  5.17007E-01  1.21085E+01
   6.27541E+00  7.51128E-01  9.33497E+00
   6.29708E+00  9.15189E-01  5.69029E+00
   6.31874E+00  9.93863E-01  1.51434E+00
   6.34041E+00  9.79786E-01 -2.80327E+00
   6.36209E+00  8.74251E-01 -6.85952E+00
   6.38376E+00  6.87088E-01 -1.02757E+01
   6.40544E+00  4.35754E-01 -1.27326E+01
   6.42711E+00  1.43705E-01 -1.40007E+01
   6.44879E+00 -1.61789E-01 -1.39611E+01
   6.47047E+00 -4.52194E-01 -1.26173E+01
   6.49216E+00 -7.00371E-01 -1.00945E+01
   6.51384E+00 -8.83120E-01 -6.62830E+00
   6.53553E+00 -9.83346E-01 -2.54233E+00
   6.55721E+00 -9.91661E-01  1.78158E+00
   6.57890E+00 -9.07267E-01  5.93923E+00
   6.60060E+00 -7.38034E-01  9.54185E+00
   6.62229E+00 -4.99769E-01  1.22524E+01
   6.64398E+00 -2.14743E-01  1.38171E+01
   6.66568E+00  9.03923E-02  1.40895E+01
   6.68738E+00  3.87093E-01  1.30437E+01
   6.70908E+00  6.47595E-01  1.07772E+01
   6.73078E+00  8.47510E-01  7.50209E+00
   6.75248E+00  9.68113E-01  3.52452E+00
   6.77418E+00  9.98098E-01 -7.83242E-01
   6.79589E+00  9.34638E-01 -5.01796E+00
   6.81760E+00  7.83655E-01 -8.78309E+00
   6.83931E+00  5.59271E-01 -1.17259E+01
   6.86102E+00  2.82488E-01 -1.35706E+01
   6.88273E+00 -2.07777E-02 -1.41442E+01
   6.90444E+00 -3.22117E-01 -1.33927E+01
   6.92616E+00 -5.93294E-01 -1.13861E+01
   6.94788E+00 -8.08889E-01 -8.31240E+00
   6.96959E+00 -9.48682E-01 -4.45938E+00
   6.99131E+00 -9.99554E-01 -1.88094E-01
   7.01304E+00 -9.56719E-01  4.10109E+00
   7.03476E+00 -8.24173E-01  8.00601E+00
   7.05648E+00 -6.14329E-01  1.11604E+01
   7.07821E+00 -3.46853E-01  1.32682E+01
   7.09994E+00 -4.68240E-02  1.41316E+01
   7.12166E+00  2.57617E-01  1.36693E+01
   7.14339E+00  5.37907E-01  1.19244E+01
   7.16513E+00  7.67738E-01  9.06043E+00
   7.18686E+00  9.25531E-01  5.34598E+00
   7.20859E+00  9.96462E-01  1.12954E+00
   7.23033E+00  9.73856E-01 -3.19319E+00
   7.25207E+00  8.59817E-01 -7.21638E+00
   7.27381E+00  6.65037E-01 -1.05622E+01
   7.29555E+00  4.07792E-01 -1.29163E+01
   7.31729E+00  1.12231E-01 -1.40575E+01
   7.33903E+00 -1.93890E-01 -1.38783E+01
   7.36077E+00 -4.81815E-01 -1.23953E+01
   7.38252E+00 -7.24489E-01 -9.74767E+00
   7.40427E+00 -8.99100E-01 -6.18392E+00
   7.42601E+00 -9.89228E-01 -2.03883E+00
   7.44776E+00 -9.86386E-01  2.29812E+00
   7.46952E+00 -8.90824E-01  6.41929E+00
   7.49127E+00 -7.11511E-01  9.93720E+00
   7.51302E+00 -4.65291E-01  1.25210E+01
   7.53478E+00 -1.75304E-01  1.39276E+01
   7.55653E+00  1.31185E-01  1.40245E+01
   7.57829E+00  4.25354E-01  1.28023E+01
   7.60005E+00  6.79529E-01  1.03759E+01
   7.62181E+00  8.69793E-01  6.97319E+00
   7.64357E+00  9.78232E-01  2.91426E+00
   7.66533E+00  9.94631E-01 -1.41910E+00
   7.68710E+00  9.17431E-01 -5.61915E+00
   7.70886E+00  7.53881E-01 -9.29056E+00
   7.73063E+00  5.19362E-01 -1.20877E+01
   7.75239E+00  2.35939E-01 -1.37470E+01
   7.77416E+00 -6.97129E-02 -1.41122E+01
   7.79593E+00 -3.68817E-01 -1.31487E+01
   7.81770E+00 -6.33207E-01 -1.09469E+01
   7.83948E+00 -8.37977E-01 -7.71413E+00
   7.86125E+00 -9.63832E-01 -3.75457E+00
   7.88302E+00 -9.98903E-01  5.58846E-01
   7.90480E+00 -9.39872E-01  4.81983E+00
   7.92658E+00 -7.92286E-01  8.62692E+00
   7.94836E+00 -5.70038E-01  1.16213E+01
   7.97014E+00 -2.94060E-01  1.35207E+01
   7.99192E+00  9.64601E-03  1.41459E+01
   8.01370E+00  3.12459E-01  1.34378E+01
   8.03548E+00  5.85833E-01  1.14630E+01
   8.05727E+00  8.03992E-01  8.40736E+00
   8.07905E+00  9.46358E-01  4.55892E+00
   8.10084E+00  9.99495E-01  2.80434E-01
   8.12262E+00  9.58380E-01 -4.02470E+00
   8.14441E+00  8.26875E-01 -7.95046E+00
   8.16620E+00  6.17372E-01 -1.11265E+01
   8.18799E+00  3.49621E-01 -1.32531E+01
   8.20979E+00  4.88730E-02 -1.41295E+01
   8.23158E+00 -2.56500E-01 -1.36729E+01
   8.25337E+00 -5.37686E-01 -1.19260E+01
   8.27517E+00 -7.68145E-01 -9.05370E+00
   8.29696E+00 -9.26120E-01 -5.32678E+00
   8.31876E+00 -9.96690E-01 -1.09692E+00
   8.34056E+00 -9.73182E-01  3.23666E+00
   8.36236E+00 -8.57801E-01  7.26489E+00
   8.38416E+00 -6.61428E-01  1.06074E+01
   8.40596E+00 -4.02593E-01  1.29485E+01
   8.42776E+00 -1.05729E-01  1.40670E+01
   8.44957E+00  2.01133E-01  1.38571E+01
   8.47137E+00  4.89013E-01  1.23384E+01
   8.49318E+00  7.30717E-01  9.65418E+00
   8.51499E+00  9.03404E-01  6.05790E+00
   8.53679E+00  9.90753E-01  1.88917E+00
   8.55860E+00  9.84498E-01 -2.45823E+00
   8.58041E+00  8.85218E-01 -6.57353E+00
   8.60222E+00  7.02282E-01 -1.00678E+01
   8.62404E+00  4.52968E-01 -1.26108E+01
   8.64585E+00  1.60830E-01 -1.39620E+01
   8.66766E+00 -1.46522E-01 -1.39935E+01
   8.68948E+00 -4.40037E-01 -1.27021E+01
   8.71129E+00 -6.91964E-01 -1.02099E+01
   8.73311E+00 -8.78478E-01 -6.75228E+00
   8.75493E+00 -9.81936E-01 -2.65603E+00
   8.77675E+00 -9.92542E-01  1.69155E+00
   8.79857E+00 -9.09282E-01  5.87932E+00
   8.82039E+00 -7.40019E-01  9.51120E+00
   8.84221E+00 -5.00752E-01  1.22436E+01
   8.86403E+00 -2.14106E-01  1.38179E+01
   8.88585E+00  9.28073E-02  1.40850E+01
   8.90768E+00  3.90953E-01  1.30196E+01
   8.92950E+00  6.52119E-01  1.07222E+01
   8.95133E+00  8.51588E-01  7.41010E+00
   8.97316E+00  9.70476E-01  3.39663E+00
   8.99499E+00  9.97520E-01 -9.38460E-01
   9.01682E+00  9.30150E-01 -5.18489E+00
   9.03865E+00  7.74731E-01 -8.94069E+00
   9.06048E+00  5.45965E-01 -1.18503E+01
   9.08231E+00  2.65503E-01 -1.36380E+01
   9.10414E+00 -4.01093E-02 -1.41346E+01
   9.12598E+00 -3.41935E-01 -1.32929E+01
   9.14781E+00 -6.11394E-01 -1.11923E+01
   9.16965E+00 -8.22962E-01 -8.03171E+00
   9.19148E+00 -9.56596E-01 -4.11032E+00
   9.21332E+00 -9.99628E-01  2.00527E-01
   9.23516E+00 -9.47973E-01  4.49254E+00
   9.25700E+00 -8.06512E-01  8.35912E+00
   9.27884E+00 -5.88637E-01  1.14339E+01
   9.30068E+00 -3.14982E-01  1.34255E+01
   9.32252E+00 -1.14708E-02  1.41450E+01
   9.34436E+00  2.93139E-01  1.35242E+01
   9.36620E+00  5.69980E-01  1.16216E+01
   9.38805E+00  7.92811E-01  8.61761E+00
   9.40989E+00  9.40506E-01  4.79668E+00
   9.43174E+00  9.99057E-01  5.20941E-01
   9.45359E+00  9.62903E-01 -3.80433E+00
   9.47543E+00  8.35462E-01 -7.76908E+00
   9.49728E+00  6.28805E-01 -1.09974E+01
   9.51913E+00  3.62519E-01 -1.31831E+01
   9.54098E+00  6.18483E-02 -1.41187E+01
   9.56283E+00 -2.44699E-01 -1.37156E+01
   9.58468E+00 -5.28050E-01 -1.20116E+01
   9.60654E+00 -7.61329E-01 -9.16839E+00
   9.62839E+00 -9.22404E-01 -5.45543E+00
   9.65024E+00 -9.95986E-01 -1.22485E+00
   9.67210E+00 -9.75088E-01  3.12206E+00
   9.69395E+00 -8.61681E-01  7.17292E+00
   9.71581E+00 -6.66516E-01  1.05434E+01
   9.73767E+00 -4.08101E-01  1.29135E+01
   9.75952E+00 -1.10953E-01  1.40584E+01
   9.78138E+00  1.96735E-01  1.38692E+01
   9.80324E+00  4.85763E-01  1.23637E+01
   9.82510E+00  7.28696E-01  9.68475E+00
   9.84696E+00  9.02473E-01  6.08646E+00
   9.86883E+00  9.90589E-01  1.91032E+00
   9.89069E+00  9.84671E-01 -2.44731E+00
   9.91255E+00  8.85273E-01 -6.57274E+00
   9.93442E+00  7.01821E-01 -1.00743E+01
   9.95628E+00  4.51725E-01 -1.26194E+01
   9.97815E+00  1.58728E-01 -1.39663E+01
   1.00000E+01 -1.49353E-01 -1.39869E+01
   1.00219E+01 -4.43260E-01 -1.26793E+01
   1.00437E+01 -6.95078E-01 -1.01674E+01
   1.00656E+01 -8.80886E-01 -6.68980E+00
   1.00875E+01 -9.83028E-01 -2.57660E+00
   1.01094E+01 -9.91793E-01  1.78148E+00
   1.01312E+01 -9.06339E-01  5.97045E+00
   1.01531E+01 -7.34776E-01  9.59233E+00
   1.01750E+01 -4.93395E-01  1.23029E+01
   1.01968E+01 -2.05126E-01  1.38446E+01
   1.02187E+01  1.02644E-01  1.40708E+01
   1.02406E+01  4.00669E-01  1.29599E+01
   1.02625E+01  6.60626E-01  1.06173E+01
   1.02843E+01  8.57806E-01  7.26556E+00
   1.03062E+01  9.73459E-01  3.22314E+00
   1.03281E+01  9.96587E-01 -1.12576E+00
   1.03500E+01  9.24981E-01 -5.36778E+00
   1.03719E+01  7.65440E-01 -9.09963E+00
   1.03937E+01  5.33124E-01 -1.19665E+01
   1.04156E+01  2.50114E-01 -1.36957E+01
   1.04375E+01 -5.66868E-02 -1.41228E+01
   1.04594E+01 -3.58106E-01 -1.32069E+01
   1.04813E+01 -6.25482E-01 -1.10352E+01
   1.05031E+01 -8.33382E-01 -7.81396E+00
   1.05250E+01 -9.62031E-01 -3.84949E+00
   1.05469E+01 -9.99184E-01  4.81215E-01
   1.05688E+01 -9.41301E-01  4.76627E+00
   1.05907E+01 -7.93877E-01  8.59807E+00
   1.06126E+01 -5.70930E-01  1.16121E+01
   1.06345E+01 -2.93663E-01  1.35215E+01
   1.06563E+01  1.15514E-02  1.41445E+01
   1.06782E+01  3.15676E-01  1.34218E+01
   1.07001E+01  5.89772E-01  1.14220E+01
   1.07220E+01  8.07757E-01  8.33531E+00
   1.07439E+01  9.48882E-01  4.45534E+00
   1.07658E+01  9.99711E-01  1.51264E-01
   1.07877E+01  9.55397E-01 -4.16732E+00
   1.08096E+01  8.20151E-01 -8.08939E+00
   1.08315E+01  6.06838E-01 -1.12416E+01
   1.08534E+01  3.35755E-01 -1.33238E+01
   1.08753E+01  3.27035E-02 -1.41378E+01
   1.08971E+01 -2.73470E-01 -1.36059E+01
   1.09190E+01 -5.53616E-01 -1.17787E+01
   1.09409E+01 -7.81062E-01 -8.82998E+00
   1.09628E+01 -9.34146E-01 -5.04046E+00
   1.09847E+01 -9.98287E-01 -7.70902E-01
   1.10066E+01 -9.67368E-01  3.57218E+00
   1.10285E+01 -8.44327E-01  7.57519E+00
   1.10504E+01 -6.40874E-01  1.08569E+01
   1.10723E+01 -3.76378E-01  1.31047E+01
   1.10942E+01 -7.60276E-02  1.41044E+01
   1.11161E+01  2.31573E-01  1.37606E+01
   1.11380E+01  5.17123E-01  1.21061E+01
   1.11599E+01  7.53419E-01  9.29838E+00
   1.11818E+01  9.17948E-01  5.60474E+00
   1.12037E+01  9.95028E-01  1.37705E+00
   1.12256E+01  9.77309E-01 -2.98195E+00
   1.12475E+01  8.66472E-01 -7.05694E+00
   1.12695E+01  6.73070E-01 -1.04596E+01
   1.12914E+01  4.15526E-01 -1.28657E+01
   1.13133E+01  1.18378E-01 -1.40458E+01
   1.13352E+01 -1.90059E-01 -1.38873E+01
   1.13571E+01 -4.80390E-01 -1.24053E+01
   1.13790E+01 -7.24944E-01 -9.74100E+00
   1.14009E+01 -9.00406E-01 -6.14813E+00
   1.14228E+01 -9.90047E-01 -1.96915E+00
   1.14447E+01 -9.85314E-01  2.39765E+00
   1.14666E+01 -8.86653E-01  6.53598E+00
   1.14885E+01 -7.03462E-01  1.00513E+01
   1.15105E+01 -4.53199E-01  1.26085E+01
   1.15324E+01 -1.59721E-01  1.39635E+01
   1.15543E+01  1.48994E-01  1.39872E+01
   1.15762E+01  4.43510E-01  1.26772E+01
   1.15981E+01  6.95741E-01  1.01583E+01
   1.16200E+01  8.81631E-01  6.67067E+00
   1.16419E+01  9.83448E-01  2.54675E+00
   1.16638E+01  9.91474E-01 -1.82014E+00
   1.16858E+01  9.04938E-01 -6.01354E+00
   1.17077E+01  7.32086E-01 -9.63346E+00
   1.17296E+01  4.89400E-01 -1.23346E+01
   1.17515E+01  2.00025E-01 -1.38592E+01
   1.17734E+01 -1.08439E-01 -1.40617E+01
   1.17954E+01 -4.06565E-01 -1.29228E+01
   1.18173E+01 -6.65911E-01 -1.05509E+01
   1.18392E+01 -8.61730E-01 -7.17242E+00
   1.18611E+01 -9.75333E-01 -3.10949E+00
   1.18830E+01 -9.95877E-01  1.25023E+00
   1.19050E+01 -9.21393E-01  5.49074E+00
   1.19269E+01 -7.58982E-01  9.20739E+00
   1.19488E+01 -5.24139E-01  1.20455E+01
   1.19707E+01 -2.39268E-01  1.37340E+01
   1.19926E+01  6.84443E-02  1.41119E+01
   1.20146E+01  3.69631E-01  1.31429E+01
   1.20365E+01  6.35545E-01  1.09194E+01
   1.20584E+01  8.40800E-01  7.65355E+00
   1.20803E+01  9.65801E-01  3.65707E+00
   1.21023E+01  9.98608E-01 -6.88593E-01
   1.21242E+01  9.36084E-01 -4.96862E+00
   1.21461E+01  7.84191E-01 -8.77438E+00
   1.21681E+01  5.57425E-01 -1.17425E+01
   1.21900E+01  2.77432E-01 -1.35895E+01
   1.22119E+01 -2.90567E-02 -1.41391E+01
   1.22338E+01 -3.32778E-01 -1.33385E+01
   1.22558E+01 -6.04729E-01 -1.12642E+01
   1.22777E+01 -8.18937E-01 -8.11423E+00
   1.22996E+01 -9.54943E-01 -4.18927E+00
   1.23216E+01 -9.99751E-01  1.35852E-01
   1.23435E+01 -9.49077E-01  4.44809E+00
   1.23654E+01 -8.07754E-01  8.33558E+00
   1.23874E+01 -5.89275E-01  1.14270E+01
   1.24093E+01 -3.14503E-01  1.34269E+01
   1.24312E+01 -9.68335E-03  1.41443E+01
   1.24532E+01  2.96068E-01  1.35106E+01
   1.24751E+01  5.73542E-01  1.15861E+01
   1.24970E+01  7.96228E-01  8.55470E+00
   1.25190E+01  9.42847E-01  4.70593E+00
   1.25409E+01  9.99386E-01  4.07463E-01
   1.25628E+01  9.60436E-01 -3.93002E+00
   1.25848E+01  8.29714E-01 -7.89207E+00
   1.26067E+01  6.19705E-01 -1.11001E+01
   1.26286E+01  3.50472E-01 -1.32474E+01
   1.26506E+01  4.77407E-02 -1.41288E+01
   1.26725E+01 -2.59559E-01 -1.36599E+01
   1.26945E+01 -5.42059E-01 -1.18856E+01
   1.27164E+01 -7.72756E-01 -8.97521E+00
   1.27383E+01 -9.29599E-01 -5.20694E+00
   1.27603E+01 -9.97590E-01 -9.40888E-01
   1.27822E+01 -9.70225E-01  3.41518E+00
   1.28042E+01 -8.50115E-01  7.44487E+00
   1.28261E+01 -6.48735E-01  1.07629E+01
   1.28481E+01 -3.85332E-01  1.30521E+01
   1.28700E+01 -8.50849E-02  1.40936E+01
   1.28919E+01  2.23303E-01  1.37876E+01
   1.29139E+01  5.10347E-01  1.21633E+01
   1.29358E+01  7.48599E-01  9.37607E+00
   1.29578E+01  9.15277E-01  5.69223E+00
   1.29797E+01  9.94438E-01  1.46402E+00
   1.30017E+01  9.78506E-01 -2.90426E+00
   1.30236E+01  8.69000E-01 -6.99489E+00
   1.30456E+01  6.76386E-01 -1.04167E+01
   1.30675E+01  4.19081E-01 -1.28423E+01
   1.30895E+01  1.21690E-01 -1.40397E+01
   1.31114E+01 -1.87346E-01 -1.38943E+01
   1.31334E+01 -4.78469E-01 -1.24199E+01
   1.31553E+01 -7.23831E-01 -9.75758E+00
   1.31773E+01 -8.99959E-01 -6.16180E+00
   1.31992E+01 -9.90002E-01 -1.97653E+00
   1.32212E+01 -9.85339E-01  2.39790E+00
   1.32431E+01 -8.86413E-01  6.54301E+00
   1.32651E+01 -7.02682E-01  1.00622E+01
   1.32870E+01 -4.51719E-01  1.26188E+01
   1.33090E+01 -1.57532E-01  1.39681E+01
   1.33309E+01  1.51733E-01  1.39810E+01
   1.33529E+01  4.46485E-01  1.26560E+01
   1.33748E+01  6.98520E-01  1.01201E+01
   1.33968E+01  8.83717E-01  6.61566E+00
   1.34187E+01  9.84350E-01  2.47810E+00
   1.34407E+01  9.90785E-01 -1.89668E+00
   1.34626E+01  9.02399E-01 -6.09002E+00
   1.34846E+01  7.27647E-01 -9.70058E+00
   1.35065E+01  4.83250E-01 -1.23828E+01
   1.35285E+01  1.92595E-01 -1.38798E+01
   1.35505E+01 -1.16500E-01 -1.40484E+01
   1.35724E+01 -4.14449E-01 -1.28723E+01
   1.35944E+01 -6.72731E-01 -1.04639E+01
   1.36163E+01 -8.66620E-01 -7.05388E+00
   1.36383E+01 -9.77551E-01 -2.96852E+00
   1.36602E+01 -9.94900E-01  1.40110E+00
   1.36822E+01 -9.17001E-01  5.63665E+00
   1.37042E+01 -7.51307E-01  9.33263E+00
   1.37261E+01 -5.13678E-01  1.21351E+01
   1.37481E+01 -2.26861E-01  1.37758E+01
   1.37700E+01  8.16826E-02  1.40974E+01
   1.37920E+01  3.82410E-01  1.30692E+01
   1.38140E+01  6.46525E-01  1.07895E+01
   1.38359E+01  8.48733E-01  7.47655E+00
   1.38579E+01  9.69667E-01  3.44757E+00
   1.38799E+01  9.97741E-01 -9.11630E-01
   1.39018E+01  9.30262E-01 -5.18360E+00
   1.39238E+01  7.73688E-01 -8.95918E+00
   1.39457E+01  5.43010E-01 -1.18768E+01
   1.39677E+01  2.60318E-01 -1.36568E+01
   1.39897E+01 -4.73119E-02 -1.41288E+01
   1.40116E+01 -3.50416E-01 -1.32475E+01
   1.40336E+01 -6.19959E-01 -1.10972E+01
   1.40556E+01 -8.30118E-01 -7.88377E+00
   1.40775E+01 -9.60760E-01 -3.91511E+00
   1.40995E+01 -9.99363E-01  4.28686E-01
   1.41215E+01 -9.42226E-01  4.73148E+00
   1.41434E+01 -7.94818E-01  8.58104E+00
   1.41654E+01 -5.71256E-01  1.16085E+01
   1.41874E+01 -2.92957E-01  1.35238E+01
   1.42093E+01  1.34155E-02  1.41433E+01
   1.42313E+01  3.18508E-01  1.34077E+01
   1.42533E+01  5.93086E-01  1.13873E+01
   1.42753E+01  8.10836E-01  8.27570E+00
   1.42972E+01  9.50889E-01  4.37100E+00
   1.43192E+01  9.99820E-01  4.73634E-02
   1.43412E+01  9.52935E-01 -4.28088E+00
   1.43631E+01  8.14723E-01 -8.19892E+00
   1.43851E+01  5.98426E-01 -1.13312E+01
   1.44071E+01  3.24770E-01 -1.33776E+01
   1.44290E+01  1.99820E-02 -1.41418E+01
   1.44510E+01 -2.86726E-01 -1.35505E+01
   1.44730E+01 -5.65956E-01 -1.16603E+01
   1.44950E+01 -7.90941E-01 -8.65248E+00
   1.45169E+01 -9.40110E-01 -4.81516E+00
   1.45389E+01 -9.99162E-01 -5.16191E-01
   1.45609E+01 -9.62431E-01  3.83232E+00
   1.45829E+01 -8.33433E-01  7.81351E+00
   1.46048E+01 -6.24532E-01  1.10457E+01
   1.46268E+01 -3.55752E-01  1.32189E+01
   1.46488E+01 -5.28589E-02  1.41248E+01
   1.46708E+01  2.55107E-01  1.36764E+01
   1.46927E+01  5.38617E-01  1.19167E+01
   1.47147E+01  7.70486E-01  9.01430E+00
   1.47367E+01  9.28478E-01  5.24753E+00
   1.47587E+01  9.97440E-01  9.77506E-01
   1.47807E+01  9.70755E-01 -3.38631E+00
   1.48026E+01  8.50976E-01 -7.42546E+00
   1.48246E+01  6.49588E-01 -1.07526E+01
   1.48466E+01  3.85899E-01 -1.30485E+01
   1.48686E+01  8.51957E-02 -1.40931E+01
   1.48905E+01 -2.23683E-01 -1.37860E+01
   1.49125E+01 -5.11112E-01 -1.21567E+01
   1.49345E+01 -7.49523E-01 -9.36136E+00
   1.49565E+01 -9.16045E-01 -5.66807E+00
   1.49785E+01 -9.94703E-01 -1.43105E+00
   1.50004E+01 -9.77947E-01  2.94329E+00
   1.50224E+01 -8.67381E-01  7.03536E+00
   1.50444E+01 -6.73607E-01  1.04526E+01
   1.50664E+01 -4.15209E-01  1.28672E+01
   1.50884E+01 -1.16976E-01  1.40473E+01
   1.51104E+01  1.92485E-01  1.38799E+01
   1.51323E+01  4.83483E-01  1.23808E+01
   1.51543E+01  7.28098E-01  9.69385E+00
   1.51763E+01  9.02860E-01  6.07678E+00
   1.51983E+01  9.90997E-01  1.87661E+00
   1.52203E+01  9.84048E-01 -2.50368E+00
   1.52423E+01  8.82676E-01 -6.64379E+00
   1.52643E+01  6.96604E-01 -1.01464E+01
   1.52862E+01  4.43684E-01 -1.26755E+01
   1.53082E+01  1.48184E-01 -1.39882E+01
   1.53302E+01 -1.61541E-01 -1.39586E+01
   1.53522E+01 -4.55767E-01 -1.25894E+01
   1.53742E+01 -7.06258E-01 -1.00120E+01
   1.53962E+01 -8.88971E-01 -6.47368E+00
   1.54182E+01 -9.86367E-01 -2.31399E+00
   1.54401E+01 -9.89096E-01  2.06784E+00
   1.54621E+01 -8.96890E-01  6.25126E+00
   1.54841E+01 -7.18596E-01  9.83471E+00
   1.55061E+01 -4.71325E-01  1.24742E+01
   1.55281E+01 -1.78809E-01  1.39164E+01
   1.55501E+01  1.30876E-01  1.40227E+01
