   0.0000000000000000          0.0000000000000000     
   2.2521317653856465E-003     8.9729334511251606E-005
   2.5899087369644432E-003     1.0318706729161676E-004
   2.9783384564791189E-003     1.1866292982171936E-004
   3.4250143878994492E-003     1.3645947452522905E-004
   3.9386675810570461E-003     1.5692458487002060E-004
   4.5293368475711367E-003     1.8045825938028601E-004
   5.2085643144045898E-003     2.0752040876030744E-004
   5.9896201138354760E-003     2.3863981693605739E-004
   6.8877605170721400E-003     2.7442443922002407E-004
   7.9205244445223130E-003     3.1557323656417535E-004
   9.1080739988758166E-003     3.6288977453968480E-004
   1.0473585478710823E-002     4.1729784993276112E-004
   1.2043698252316416E-002     4.7985944748548417E-004
   1.3849029916818554E-002     5.5179537537102473E-004
   1.5924767350297769E-002     6.3450898182517400E-004
   1.8311344598783856E-002     7.2961341869130693E-004
   2.1055220040424046E-002     8.3896299281747315E-004
   2.4209766950038129E-002     9.6468923671306768E-004
   2.7836293461852096E-002     1.1092424399873661E-003
   3.2005210007316917E-002     1.2754395197900044E-003
   3.6797364595556825E-002     1.4665192815816301E-003
   4.2305568807076394E-002     1.6862063442814959E-003
   4.8636340078798329E-002     1.9387852991264718E-003
   5.5911888749308247E-002     2.2291870693089181E-003
   6.4272381368309234E-002     2.5630899867051960E-003
   7.3878514890050123E-002     2.9470388704403204E-003
   8.4914439470076472E-002     3.3885864907330933E-003
   9.7591070527495938E-002     3.8964633909604647E-003
  0.11214983332358713          4.4807843536409870E-003
  0.12886688527168544          5.1533032170294575E-003
  0.14805786217089911          5.9277327866606843E-003
  0.17008319407215619          6.8201541554642198E-003
  0.19535403392758488          7.8495509395249720E-003
  0.22433883677090255          9.0385208382756030E-003
  0.25757061797293967          1.0414242243357231E-002
  0.29565490496164715          1.2009811838813569E-002
  0.33927837634173563          1.3866126028792497E-002
  0.38921815407371285          1.6034563782812615E-002
  0.44635167664144382          1.8580849576997301E-002
  0.51166703232238331          2.1590633422379307E-002
  0.58627357034460092          2.5177485998679354E-002
  0.67141253293007241          2.9494016138021651E-002
  0.76846736294581475          3.4746165226076930E-002
  0.87897324151134781          4.1207881060940511E-002
   1.0046253009225183          4.9224144622531697E-002
   1.1472848469105439          5.9166759718110334E-002
   1.3089828202511047          7.1277741194749764E-002
   1.4919196445938250          8.5384383138632017E-002
   1.6984605623589926         0.10056486340273899     
   1.9311255737455750         0.11427117056651201     
   2.1925731862405309         0.12301964923968885     
   2.4855773719761798         0.12454854140811700     
   2.8129974293651085         0.11712591278375634     
   3.1777408530828337          9.9573074171136006E-002
   3.5827198152785593          7.1607764107711025E-002
   4.0308024138278871          3.4170652818661738E-002
   4.5247603944855328         -1.0363405339169723E-002
   5.0672155333981461         -5.8177799514448271E-002
   5.6605872017697765        -0.10427769994732132     
   6.3070437630896112        -0.14304239632882570     
   7.0084603371907406        -0.16901273926850022     
   7.7663851014092611        -0.17778487549932792     
   8.5820157226921800        -0.16682785958518073     
   9.4561867946282341        -0.13603381890547220     
   10.389368379826360         -8.7855811974130768E-002
   11.381675024321146         -2.6981682539181893E-002
   12.432883996991215          4.0394763520083352E-002
   13.542461067809828         0.10754648421825151     
   14.709591897171146         0.16821939643224967     
   15.933217057695469         0.21746916097496827     
   17.212068819941273         0.25218510657183368     
   18.544708061047153         0.27124581627695310     
   19.929559953363345         0.27533854481087794     
   21.364947415275299         0.26653832446186837     
   22.849121623913334         0.24777069590362283     
   24.380289175065016         0.22227571695660120     
   25.956635715413348         0.19316068226094735     
   27.576346060884944         0.16308872629511104     
   29.237620953444999         0.13411248117433874     
   30.938690702232439         0.10763400710070821     
   32.677826010726221          8.4457023920813640E-002
   34.453346317572027          6.4893800832874604E-002
   36.263625982329003          4.8893494151719057E-002
   38.107098635387935          3.6167354519224079E-002
   39.982259989166792          2.6295781758954074E-002
   41.887669379729026          1.8810541363165234E-002
   43.821950277422772          1.3251557689196820E-002
   45.783789974286108          9.2014173793659275E-003
   47.771938626340400          6.3024218377250958E-003
   49.785207801430801          4.2613003944038247E-003
   51.822468658490124          2.8461165660656441E-003
   53.882649862180031          1.8789366601964441E-003
   55.964735317803800          1.2268026658421183E-003
   58.067761795034876          7.9264258062547183E-004
   60.190816495148894          5.0703916662389441E-004
   62.333034604819801          3.2127280272889778E-004
   64.493596869879156          2.0172906540896716E-004
   66.671727214477244          1.2557598992838352E-004
   68.866690424574898          7.7528023478730536E-005
   71.077789909424098          4.7488097803410915E-005
   73.304365550450086          2.8869230410750640E-005
   75.545791643572471          1.7424147808091607E-005
   77.801474938333669          1.0444005580701917E-005
   80.070852775119604          6.2188131565338395E-006
   82.353391320157371          3.6795214092165958E-006
   84.648583896754658          2.1638666988473043E-006
   86.955949410346136          1.2651172709393222E-006
   89.275030864258909          7.3551612780227821E-007
   91.605393962660230          4.2531373533810319E-007
   93.946625796853027          2.4466511926772621E-007
   96.298333610922327          1.4004419648405059E-007
   98.660143642657602          7.9775432003017042E-008
   101.03170003568124          4.5233551167507064E-008
   103.41266381876864          2.5533615263382842E-008
   105.80271194844457          1.4351360399190709E-008
   108.20153641106882          8.0328306356298293E-009
   110.60884338077422          4.4781784352651293E-009
   113.02435242977994          2.4868574982273758E-009
   115.44779578777666          1.3758585760193572E-009
   117.87891764725153          7.5844501690171131E-010
   120.31747351179430          4.1663269956052816E-010
   122.76322958460057          2.2809235543386518E-010
   125.21596219455262          1.2446384225394854E-010
   127.67545725741951          6.7701088842130278E-011
   130.14150976987600          3.6712248645471179E-011
   132.61392333418701          1.9848616628380335E-011
   135.09250971154188          1.0700219951785070E-011
   137.57708840216196          5.7522265493601294E-012
   140.06748625042530          3.0838703245312803E-012
   142.56353707337149          1.6489505024421989E-012
   145.06508131106352          8.7943477970588266E-013
   147.57196569738358          4.6786002237717355E-013
   150.08404294993909          2.4829902916226844E-013
   152.60117147784280          1.3146501057405771E-013
   155.12321510622164          6.9446371006895061E-014
   157.65004281638133          3.6603296230826964E-014
   160.18152850062833          1.9250770293857519E-014
   162.71755073082235          1.0103185422346342E-014
   165.25799253979588          5.2914526301697462E-015
   167.80274121482742          2.7658018580957448E-015
   170.35168810242519          1.4428431089972458E-015
   172.90472842371466          7.5126052160528837E-016
   175.46176109978040          3.9044168646886165E-016
   178.02268858635040          2.0255172650590502E-016
   180.58741671725807          1.0489364355800610E-016
   183.15585455614473          5.4226861127563722E-017
   185.72791425591879          2.7986578771850849E-017
   188.30351092549580          1.4420242564856256E-017
   190.88256250340010          7.4182164467644968E-018
   193.46498963781499          3.8101916762255399E-018
   196.05071557270998          1.9540253907967620E-018
   198.63966603968925          1.0006098841717800E-018
   201.23176915523550          5.1164088138246377E-019
   203.82695532303256          2.6124364516526121E-019
   206.42515714108720          1.3320484039512382E-019
   209.02630931337126          6.7826802815017764E-020
   211.63034856573614          3.4490749205944757E-020
   214.23721356585872          1.7516056073592995E-020
   216.84684484699505          8.8841223430433974E-021
   219.45918473533641          4.5003776416255085E-021
   222.07417728076828          2.2769367879833385E-021
   224.69176819084598          1.1506191546179454E-021
   227.31190476782260          5.8076646253594662E-022
   229.93453584855294          2.9280004661793731E-022
   232.55961174713451          1.4745194690312689E-022
   235.18708420013212          7.4173610751090419E-023
   237.81690631425568          3.7271542951949054E-023
   240.44903251636003          1.8708699297806064E-023
   243.08341850565364          9.3811711415060520E-024
   245.72002120799380          4.6992276298810457E-024
   248.35879873217050          2.3515831624315352E-024
   250.99971032807639          1.1756197648434594E-024
   253.64271634666369          5.8715682148897882E-025
   256.28777820160326          2.9297451076188376E-025
   258.93485833256602          1.4605003039790927E-025
   261.58392017003484          7.2740611733040451E-026
   264.23492810158371          3.6196198178916228E-026
   266.88784743954898          1.7995620420137085E-026
   269.54264439002236          8.9391444485315196E-027
   272.19928602310915          4.4366929488545159E-027
   274.85774024438660          2.2002561035320501E-027
   277.51797576750755          1.0903936572998455E-027
   280.17996208789441          5.4020283727597531E-028
   282.84366945747581          2.6795206135663828E-028
   285.50906886041480          0.0000000000000000     
   288.17613198978461          0.0000000000000000     
   290.84483122514553          0.0000000000000000     
   293.51513961098988          0.0000000000000000     
   296.18703083600610          0.0000000000000000     
   298.86047921313093          0.0000000000000000     
   301.53545966035762          0.0000000000000000     
   304.21194768225735          0.0000000000000000     
   306.88991935219224          0.0000000000000000     
   309.56935129518416          0.0000000000000000     
   312.25022067141236          0.0000000000000000     
   314.93250516031532          0.0000000000000000     
   317.61618294526437          0.0000000000000000     
   320.30123269879397          0.0000000000000000     
   322.98763356835622          0.0000000000000000     
   325.67536516258491          0.0000000000000000     
   328.36440753804231          0.0000000000000000     
   331.05474118643241          0.0000000000000000     
   333.74634702225995          0.0000000000000000     
   336.43920637091509          0.0000000000000000     
   339.13330095717072          0.0000000000000000     
   341.82861289407384          0.0000000000000000     
   344.52512467221004          0.0000000000000000     
   347.22281914933808          0.0000000000000000     
   349.92167954036574          0.0000000000000000     
   352.62168940766270          0.0000000000000000     
   355.32283265169883          0.0000000000000000     
   358.02509350198409          0.0000000000000000     
   360.72845650831175          0.0000000000000000     
   363.43290653228075          0.0000000000000000     
   366.13842873910107          0.0000000000000000     
   368.84500858965271          0.0000000000000000     
   371.55263183280806          0.0000000000000000     
   374.26128449799421          0.0000000000000000     
   376.97095288798960          0.0000000000000000     
   379.68162357194797          0.0000000000000000     
   382.39328337864436          0.0000000000000000     
   385.10591938992638          0.0000000000000000     
   387.81951893436747          0.0000000000000000     
   390.53406958112078          0.0000000000000000     
   393.24955913395479          0.0000000000000000     
   395.96597562547311          0.0000000000000000     
   398.68330731151013          0.0000000000000000     
   401.40154266569095          0.0000000000000000     
   404.12067037415898          0.0000000000000000     
   406.84067933045810          0.0000000000000000     
   409.56155863056074          0.0000000000000000     
   412.28329756805510          0.0000000000000000     
   415.00588562945700          0.0000000000000000     
   417.72931248967302          0.0000000000000000     
   420.45356800758174          0.0000000000000000     
   423.17864222175410          0.0000000000000000     
   425.90452534628650          0.0000000000000000     
   428.63120776675635          0.0000000000000000     
   431.35868003629429          0.0000000000000000     
   434.08693287176447          0.0000000000000000     
   436.81595715005028          0.0000000000000000     
   439.54574390444674          0.0000000000000000     
   442.27628432115210          0.0000000000000000     
   445.00756973585436          0.0000000000000000     
   447.73959163041508          0.0000000000000000     
   450.47234162963917          0.0000000000000000     
   453.20581149813387          0.0000000000000000     
   455.93999313725726          0.0000000000000000     
   458.67487858214071          0.0000000000000000     
   461.41045999879753          0.0000000000000000     
   464.14672968130628          0.0000000000000000     
   466.88368004906653          0.0000000000000000     
   469.62130364413127          0.0000000000000000     
   472.35959312860444          0.0000000000000000     
   475.09854128211111          0.0000000000000000     
   477.83814099933068          0.0000000000000000     
   480.57838528759260          0.0000000000000000     
   483.31926726453787          0.0000000000000000     
   486.06078015583432          0.0000000000000000     
   488.80291729295823          0.0000000000000000     
   491.54567211102506          0.0000000000000000     
   494.28903814667569          0.0000000000000000     
   497.03300903602201          0.0000000000000000     
   499.77757851263596          0.0000000000000000     
   502.52274040559269          0.0000000000000000     
   505.26848863756152          0.0000000000000000     
   508.01481722294341          0.0000000000000000     
   510.76172026605479          0.0000000000000000     
   513.50919195935558          0.0000000000000000     
   516.25722658171890          0.0000000000000000     
   519.00581849674450          0.0000000000000000     
   521.75496215111343          0.0000000000000000     
   524.50465207297680          0.0000000000000000     
   527.25488287039070          0.0000000000000000     
   530.00564922978310          0.0000000000000000     
   532.75694591445722          0.0000000000000000     
   535.50876776313407          0.0000000000000000     
   538.26110968852117          0.0000000000000000     
   541.01396667592644          0.0000000000000000     
   543.76733378189147          0.0000000000000000     
   546.52120613286684          0.0000000000000000     
   549.27557892391201          0.0000000000000000     
   552.03044741742383          0.0000000000000000     
   554.78580694190168          0.0000000000000000     
   557.54165289073399          0.0000000000000000     
   560.29798072101062          0.0000000000000000     
   563.05478595237059          0.0000000000000000     
   565.81206416586792          0.0000000000000000     
   568.56981100286339          0.0000000000000000     
   571.32802216394589          0.0000000000000000     
   574.08669340787401          0.0000000000000000     
   576.84582055053943          0.0000000000000000     
   579.60539946395852          0.0000000000000000     
   582.36542607527849          0.0000000000000000     
   585.12589636581401          0.0000000000000000     
   587.88680637009611          0.0000000000000000     
   590.64815217494743          0.0000000000000000     
   593.40992991857411          0.0000000000000000     
   596.17213578968085          0.0000000000000000     
   598.93476602660030          0.0000000000000000     
   601.69781691644300          0.0000000000000000     
   604.46128479426716          0.0000000000000000     
   607.22516604226337          0.0000000000000000     
   609.98945708895599          0.0000000000000000     
   612.75415440842357          0.0000000000000000     
   615.51925451953582          0.0000000000000000     
   618.28475398520038          0.0000000000000000     
   621.05064941163516          0.0000000000000000     
   623.81693744764834          0.0000000000000000     
   626.58361478393022          0.0000000000000000     
   629.35067815237369          0.0000000000000000     
   632.11812432539102          0.0000000000000000     
   634.88595011525547          0.0000000000000000     
   637.65415237345371          0.0000000000000000     
   640.42272799005002          0.0000000000000000     
   643.19167389306506          0.0000000000000000     
   645.96098704786516          0.0000000000000000     
   648.73066445656229          0.0000000000000000     
   651.50070315743460          0.0000000000000000     
   654.27110022434601          0.0000000000000000     
   657.04185276618330          0.0000000000000000     
   659.81295792630829          0.0000000000000000     
   662.58441288201277          0.0000000000000000     
   665.35621484398951          0.0000000000000000     
   668.12836105581039          0.0000000000000000     
   670.90084879341703          0.0000000000000000     
   673.67367536461904          0.0000000000000000     
   676.44683810860408          0.0000000000000000     
   679.22033439545623          0.0000000000000000     
   681.99416162568139          0.0000000000000000     
   684.76831722974396          0.0000000000000000     
   687.54279866761613          0.0000000000000000     
   690.31760342832320          0.0000000000000000     
   693.09272902951443          0.0000000000000000     
   695.86817301702945          0.0000000000000000     
   698.64393296447133          0.0000000000000000     
   701.42000647280406          0.0000000000000000     
   704.19639116993176          0.0000000000000000     
   706.97308471031556          0.0000000000000000     
   709.75008477456572          0.0000000000000000     
   712.52738906907075          0.0000000000000000     
   715.30499532561203          0.0000000000000000     
   718.08290130099454          0.0000000000000000     
   720.86110477668626          0.0000000000000000     
   723.63960355845552          0.0000000000000000     
   726.41839547602285          0.0000000000000000     
   729.19747838271974          0.0000000000000000     
   731.97685015513957          0.0000000000000000     
   734.75650869282026          0.0000000000000000     
   737.53645191790110          0.0000000000000000     
   740.31667777481402          0.0000000000000000     
   743.09718422996457          0.0000000000000000     
   745.87796927142040          0.0000000000000000     
   748.65903090860797          0.0000000000000000     
   751.44036717201357          0.0000000000000000     
   754.22197611288971          0.0000000000000000     
   757.00385580296779          0.0000000000000000     
   759.78600433417000          0.0000000000000000     
   762.56841981833486          0.0000000000000000     
   765.35110038693961          0.0000000000000000     
   768.13404419083486          0.0000000000000000     
   770.91724939997175          0.0000000000000000     
   773.70071420315412          0.0000000000000000     
   776.48443680776859          0.0000000000000000     
   779.26841543954220          0.0000000000000000     
   782.05264834229297          0.0000000000000000     
   784.83713377768208          0.0000000000000000     
   787.62187002498013          0.0000000000000000     
   790.40685538083176          0.0000000000000000     
   793.19208815901879          0.0000000000000000     
   795.97756669023670          0.0000000000000000     
   798.76328932187107          0.0000000000000000     
   801.54925441777368          0.0000000000000000     
   804.33546035805102          0.0000000000000000     
   807.12190553884898          0.0000000000000000     
   809.90858837213932          0.0000000000000000     
   812.69550728552167          0.0000000000000000     
   815.48266072201136          0.0000000000000000     
   818.27004713984729          0.0000000000000000     
   821.05766501229255          0.0000000000000000     
   823.84551282743791          0.0000000000000000     
   826.63358908801933          0.0000000000000000     
   829.42189231122279          0.0000000000000000     
   832.21042102850629          0.0000000000000000     
   834.99917378541204          0.0000000000000000     
   837.78814914139593          0.0000000000000000     
   840.57734566964609          0.0000000000000000     
   843.36676195690939          0.0000000000000000     
   846.15639660332590          0.0000000000000000     
   848.94624822225933          0.0000000000000000     
   851.73631544012994          0.0000000000000000     
   854.52659689625455          0.0000000000000000     
   857.31709124268559          0.0000000000000000     
   860.10779714405248          0.0000000000000000     
   862.89871327741093          0.0000000000000000     
   865.68983833208597          0.0000000000000000     
   868.48117100952277          0.0000000000000000     
   871.27271002313876          0.0000000000000000     
   874.06445409817900          0.0000000000000000     
   876.85640197157045          0.0000000000000000     
   879.64855239178235          0.0000000000000000     
   882.44090411868308          0.0000000000000000     
   885.23345592341013          0.0000000000000000     
   888.02620658822696          0.0000000000000000     
   890.81915490639778          0.0000000000000000     
   893.61229968204896          0.0000000000000000     
   896.40563973004362          0.0000000000000000     
   899.19917387585167          0.0000000000000000     
   901.99290095543085          0.0000000000000000     
   904.78681981509305          0.0000000000000000     
   907.58092931139356          0.0000000000000000     
   910.37522831099977          0.0000000000000000     
   913.16971569058194          0.0000000000000000     
   915.96439033669060          0.0000000000000000     
   918.75925114564836          0.0000000000000000     
   921.55429702342747          0.0000000000000000     
   924.34952688554552          0.0000000000000000     
   927.14493965695385          0.0000000000000000     
   929.94053427192625          0.0000000000000000     
   932.73630967395491          0.0000000000000000     
   935.53226481564502          0.0000000000000000     
   938.32839865861138          0.0000000000000000     
   941.12471017336929          0.0000000000000000     
   943.92119833924357          0.0000000000000000     
   946.71786214426515          0.0000000000000000     
   949.51470058506902          0.0000000000000000     
   952.31171266680280          0.0000000000000000     
   955.10889740302559          0.0000000000000000     
   957.90625381562450          0.0000000000000000     
   960.70378093470686          0.0000000000000000     
   963.50147779852000          0.0000000000000000     
   966.29934345336028          0.0000000000000000     
   969.09737695347735          0.0000000000000000     
   971.89557736099232          0.0000000000000000     
   974.69394374580634          0.0000000000000000     
   977.49247518552306          0.0000000000000000     
   980.29117076535567          0.0000000000000000     
   983.09002957804887          0.0000000000000000     
   985.88905072379566          0.0000000000000000     
   988.68823331015710          0.0000000000000000     
   991.48757645197770          0.0000000000000000     
   994.28707927131836          0.0000000000000000     
   997.08674089736269          0.0000000000000000     
   999.88656046635583          0.0000000000000000     
