   0.00000E+00  1.00000E-35  1.00000E-35
   2.25213E-03  2.66426E-04  1.18300E-01
   2.58991E-03  3.06385E-04  1.18300E-01
   2.97834E-03  3.52336E-04  1.18300E-01
   3.42501E-03  4.05178E-04  1.18300E-01
   3.93867E-03  4.65944E-04  1.18301E-01
   4.52934E-03  5.35820E-04  1.18301E-01
   5.20856E-03  6.16174E-04  1.18302E-01
   5.98962E-03  7.08575E-04  1.18303E-01
   6.88776E-03  8.14828E-04  1.18304E-01
   7.92052E-03  9.37009E-04  1.18305E-01
   9.10807E-03  1.07750E-03  1.18307E-01
   1.04736E-02  1.23906E-03  1.18310E-01
   1.20437E-02  1.42482E-03  1.18313E-01
   1.38490E-02  1.63842E-03  1.18318E-01
   1.59248E-02  1.88402E-03  1.18324E-01
   1.83113E-02  2.16642E-03  1.18332E-01
   2.10552E-02  2.49112E-03  1.18343E-01
   2.42098E-02  2.86446E-03  1.18357E-01
   2.78363E-02  3.29372E-03  1.18375E-01
   3.20052E-02  3.78726E-03  1.18399E-01
   3.67974E-02  4.35472E-03  1.18431E-01
   4.23056E-02  5.00718E-03  1.18474E-01
   4.86363E-02  5.75739E-03  1.18530E-01
   5.59119E-02  6.62002E-03  1.18605E-01
   6.42724E-02  7.61202E-03  1.18703E-01
   7.38785E-02  8.75290E-03  1.18832E-01
   8.49144E-02  1.00652E-02  1.19004E-01
   9.75911E-02  1.15752E-02  1.19230E-01
   1.12150E-01  1.33132E-02  1.19529E-01
   1.28867E-01  1.53146E-02  1.19923E-01
   1.48058E-01  1.76209E-02  1.20445E-01
   1.70083E-01  2.02811E-02  1.21133E-01
   1.95354E-01  2.33535E-02  1.22042E-01
   2.24339E-01  2.69078E-02  1.23242E-01
   2.57571E-01  3.10291E-02  1.24827E-01
   2.95655E-01  3.58220E-02  1.26922E-01
   3.39278E-01  4.14177E-02  1.29691E-01
   3.89218E-01  4.79837E-02  1.33356E-01
   4.46352E-01  5.57381E-02  1.38209E-01
   5.11667E-01  6.49700E-02  1.44638E-01
   5.86274E-01  7.60709E-02  1.53155E-01
   6.71413E-01  8.95776E-02  1.64403E-01
   7.68467E-01  1.06233E-01  1.79138E-01
   8.78973E-01  1.27056E-01  1.98068E-01
   1.00463E+00  1.53395E-01  2.21341E-01
   1.14728E+00  1.86854E-01  2.47342E-01
   1.30898E+00  2.28894E-01  2.71198E-01
   1.49192E+00  2.80037E-01  2.85332E-01
   1.69846E+00  3.38879E-01  2.79547E-01
   1.93113E+00  3.99127E-01  2.32971E-01
   2.19257E+00  4.51634E-01  1.69199E-01
   2.48558E+00  4.91541E-01  1.04791E-01
   2.81300E+00  5.15638E-01  4.45003E-02
   3.17774E+00  5.21819E-01 -8.13712E-03
   3.58272E+00  5.09447E-01 -5.03148E-02
   4.03080E+00  4.79593E-01 -8.03404E-02
   4.52476E+00  4.35010E-01 -9.78491E-02
   5.06722E+00  3.79810E-01 -1.03796E-01
   5.66059E+00  3.18889E-01 -1.00221E-01
   6.30704E+00  2.57217E-01 -8.98325E-02
   7.00846E+00  1.99145E-01 -7.55213E-02
   7.76639E+00  1.47889E-01 -5.99021E-02
   8.58202E+00  1.05284E-01 -4.49962E-02
   9.45619E+00  7.18288E-02 -3.20911E-02
   1.03894E+01  4.69565E-02 -2.17723E-02
   1.13817E+01  2.94164E-02 -1.40741E-02
   1.24329E+01  1.76650E-02 -8.68072E-03
   1.35425E+01  1.01738E-02 -5.11555E-03
   1.47096E+01  5.62325E-03 -2.88413E-03
   1.59332E+01  2.98533E-03 -1.55780E-03
   1.72121E+01  1.52376E-03 -8.07204E-04
   1.85447E+01  7.48558E-04 -4.01833E-04
   1.99296E+01  3.54343E-04 -1.92452E-04
   2.13649E+01  1.61825E-04 -8.88068E-05
   2.28491E+01  7.13904E-05 -3.95410E-05
   2.43803E+01  3.04629E-05 -1.70121E-05
   2.59566E+01  1.25894E-05 -7.08277E-06
   2.75763E+01  5.04553E-06 -2.85756E-06
   2.92376E+01  1.96353E-06 -1.11875E-06
   3.09387E+01  7.42924E-07 -4.25601E-07
   3.26778E+01  2.73630E-07 -1.57532E-07
   3.44533E+01  9.82234E-08 -5.68033E-08
   3.62636E+01  3.44033E-08 -1.99776E-08
   3.81071E+01  1.17707E-08 -6.86091E-09
   3.99823E+01  3.93809E-09 -2.30338E-09
   4.18877E+01  1.28972E-09 -7.56757E-10
   4.38220E+01  4.13859E-10 -2.43550E-10
   4.57838E+01  1.30245E-10 -7.68556E-11
   4.77719E+01  4.02355E-11 -2.38020E-11
   4.97852E+01  1.22112E-11 -7.24062E-12
   5.18225E+01  3.64382E-12 -2.16529E-12
   5.38826E+01  1.06988E-12 -6.37046E-13
   5.59647E+01  3.09316E-13 -1.84526E-13
   5.80678E+01  8.81164E-14 -5.26596E-14
   6.01908E+01  2.47501E-14 -1.48155E-14
   6.23330E+01  6.85851E-15 -4.11187E-15
   6.44936E+01  1.87614E-15 -1.12644E-15
   6.66717E+01  5.06899E-16 -3.04760E-16
   6.88667E+01  1.35340E-16 -8.14744E-17
   7.10778E+01  3.57263E-17 -2.15334E-17
   7.33044E+01  9.32857E-18 -5.62909E-18
   7.55458E+01  2.41044E-18 -1.45610E-18
   7.78015E+01  6.16613E-19 -3.72867E-19
   8.00709E+01  1.56221E-19 -9.45591E-20
   8.23534E+01  3.92136E-20 -2.37576E-20
   8.46486E+01  9.75579E-21 -5.91576E-21
   8.69559E+01  2.40638E-21 -1.46041E-21
   8.92750E+01  5.88680E-22 -3.57549E-22
   9.16054E+01  1.42871E-22 -8.68417E-23
   9.39466E+01  3.44097E-23 -2.09305E-23
   9.62983E+01  8.22648E-24 -5.00741E-24
   9.86601E+01  1.95279E-24 -1.18944E-24
   1.01032E+02  4.60380E-25 -2.80592E-25
   1.03413E+02  1.07820E-25 -6.57537E-26
   1.05803E+02  2.50901E-26 -1.53100E-26
   1.08202E+02  5.80258E-27 -3.54269E-27
   1.10609E+02  1.33397E-27 -8.14869E-28
   1.13024E+02  3.04901E-28 -1.86348E-28
   1.15448E+02  6.93028E-29 -4.23761E-29
   1.17879E+02  1.56698E-29 -9.58278E-30
   1.20317E+02  3.53558E-30 -2.14890E-30
   1.22763E+02  1.00000E-35  1.00000E-35
   1.25216E+02  1.00000E-35  1.00000E-35
   1.27675E+02  1.00000E-35  1.00000E-35
   1.30142E+02  1.00000E-35  1.00000E-35
   1.32614E+02  1.00000E-35  1.00000E-35
   1.35093E+02  1.00000E-35  1.00000E-35
   1.37577E+02  1.00000E-35  1.00000E-35
   1.40067E+02  1.00000E-35  1.00000E-35
   1.42564E+02  1.00000E-35  1.00000E-35
   1.45065E+02  1.00000E-35  1.00000E-35
   1.47572E+02  1.00000E-35  1.00000E-35
   1.50084E+02  1.00000E-35  1.00000E-35
   1.52601E+02  1.00000E-35  1.00000E-35
   1.55123E+02  1.00000E-35  1.00000E-35
   1.57650E+02  1.00000E-35  1.00000E-35
   1.60182E+02  1.00000E-35  1.00000E-35
   1.62718E+02  1.00000E-35  1.00000E-35
   1.65258E+02  1.00000E-35  1.00000E-35
   1.67803E+02  1.00000E-35  1.00000E-35
   1.70352E+02  1.00000E-35  1.00000E-35
   1.72905E+02  1.00000E-35  1.00000E-35
   1.75462E+02  1.00000E-35  1.00000E-35
   1.78023E+02  1.00000E-35  1.00000E-35
   1.80587E+02  1.00000E-35  1.00000E-35
   1.83156E+02  1.00000E-35  1.00000E-35
   1.85728E+02  1.00000E-35  1.00000E-35
   1.88304E+02  1.00000E-35  1.00000E-35
   1.90883E+02  1.00000E-35  1.00000E-35
   1.93465E+02  1.00000E-35  1.00000E-35
   1.96051E+02  1.00000E-35  1.00000E-35
   1.98640E+02  1.00000E-35  1.00000E-35
   2.01232E+02  1.00000E-35  1.00000E-35
   2.03827E+02  1.00000E-35  1.00000E-35
   2.06425E+02  1.00000E-35  1.00000E-35
   2.09026E+02  1.00000E-35  1.00000E-35
   2.11630E+02  1.00000E-35  1.00000E-35
   2.14237E+02  1.00000E-35  1.00000E-35
   2.16847E+02  1.00000E-35  1.00000E-35
   2.19459E+02  1.00000E-35  1.00000E-35
   2.22074E+02  1.00000E-35  1.00000E-35
   2.24692E+02  1.00000E-35  1.00000E-35
   2.27312E+02  1.00000E-35  1.00000E-35
   2.29935E+02  1.00000E-35  1.00000E-35
   2.32560E+02  1.00000E-35  1.00000E-35
   2.35187E+02  1.00000E-35  1.00000E-35
   2.37817E+02  1.00000E-35  1.00000E-35
   2.40449E+02  1.00000E-35  1.00000E-35
   2.43083E+02  1.00000E-35  1.00000E-35
   2.45720E+02  1.00000E-35  1.00000E-35
   2.48359E+02  1.00000E-35  1.00000E-35
   2.51000E+02  1.00000E-35  1.00000E-35
   2.53643E+02  1.00000E-35  1.00000E-35
   2.56288E+02  1.00000E-35  1.00000E-35
   2.58935E+02  1.00000E-35  1.00000E-35
   2.61584E+02  1.00000E-35  1.00000E-35
   2.64235E+02  1.00000E-35  1.00000E-35
   2.66888E+02  1.00000E-35  1.00000E-35
   2.69543E+02  1.00000E-35  1.00000E-35
   2.72199E+02  1.00000E-35  1.00000E-35
   2.74858E+02  1.00000E-35  1.00000E-35
   2.77518E+02  1.00000E-35  1.00000E-35
   2.80180E+02  1.00000E-35  1.00000E-35
   2.82844E+02  1.00000E-35  1.00000E-35
   2.85509E+02  1.00000E-35  1.00000E-35
   2.88176E+02  1.00000E-35  1.00000E-35
   2.90845E+02  1.00000E-35  1.00000E-35
   2.93515E+02  1.00000E-35  1.00000E-35
   2.96187E+02  1.00000E-35  1.00000E-35
   2.98860E+02  1.00000E-35  1.00000E-35
   3.01535E+02  1.00000E-35  1.00000E-35
   3.04212E+02  1.00000E-35  1.00000E-35
   3.06890E+02  1.00000E-35  1.00000E-35
   3.09569E+02  1.00000E-35  1.00000E-35
   3.12250E+02  1.00000E-35  1.00000E-35
   3.14933E+02  1.00000E-35  1.00000E-35
   3.17616E+02  1.00000E-35  1.00000E-35
   3.20301E+02  1.00000E-35  1.00000E-35
   3.22988E+02  1.00000E-35  1.00000E-35
   3.25675E+02  1.00000E-35  1.00000E-35
   3.28364E+02  1.00000E-35  1.00000E-35
   3.31055E+02  1.00000E-35  1.00000E-35
   3.33746E+02  1.00000E-35  1.00000E-35
   3.36439E+02  1.00000E-35  1.00000E-35
   3.39133E+02  1.00000E-35  1.00000E-35
   3.41829E+02  1.00000E-35  1.00000E-35
   3.44525E+02  1.00000E-35  1.00000E-35
   3.47223E+02  1.00000E-35  1.00000E-35
   3.49922E+02  1.00000E-35  1.00000E-35
   3.52622E+02  1.00000E-35  1.00000E-35
   3.55323E+02  1.00000E-35  1.00000E-35
   3.58025E+02  1.00000E-35  1.00000E-35
   3.60728E+02  1.00000E-35  1.00000E-35
   3.63433E+02  1.00000E-35  1.00000E-35
   3.66138E+02  1.00000E-35  1.00000E-35
   3.68845E+02  1.00000E-35  1.00000E-35
   3.71553E+02  1.00000E-35  1.00000E-35
   3.74261E+02  1.00000E-35  1.00000E-35
   3.76971E+02  1.00000E-35  1.00000E-35
   3.79682E+02  1.00000E-35  1.00000E-35
   3.82393E+02  1.00000E-35  1.00000E-35
   3.85106E+02  1.00000E-35  1.00000E-35
   3.87820E+02  1.00000E-35  1.00000E-35
   3.90534E+02  1.00000E-35  1.00000E-35
   3.93250E+02  1.00000E-35  1.00000E-35
   3.95966E+02  1.00000E-35  1.00000E-35
   3.98683E+02  1.00000E-35  1.00000E-35
   4.01402E+02  1.00000E-35  1.00000E-35
   4.04121E+02  1.00000E-35  1.00000E-35
   4.06841E+02  1.00000E-35  1.00000E-35
   4.09562E+02  1.00000E-35  1.00000E-35
   4.12283E+02  1.00000E-35  1.00000E-35
   4.15006E+02  1.00000E-35  1.00000E-35
   4.17729E+02  1.00000E-35  1.00000E-35
   4.20454E+02  1.00000E-35  1.00000E-35
   4.23179E+02  1.00000E-35  1.00000E-35
   4.25905E+02  1.00000E-35  1.00000E-35
   4.28631E+02  1.00000E-35  1.00000E-35
   4.31359E+02  1.00000E-35  1.00000E-35
   4.34087E+02  1.00000E-35  1.00000E-35
   4.36816E+02  1.00000E-35  1.00000E-35
   4.39546E+02  1.00000E-35  1.00000E-35
   4.42276E+02  1.00000E-35  1.00000E-35
   4.45008E+02  1.00000E-35  1.00000E-35
   4.47740E+02  1.00000E-35  1.00000E-35
   4.50472E+02  1.00000E-35  1.00000E-35
   4.53206E+02  1.00000E-35  1.00000E-35
   4.55940E+02  1.00000E-35  1.00000E-35
   4.58675E+02  1.00000E-35  1.00000E-35
   4.61410E+02  1.00000E-35  1.00000E-35
   4.64147E+02  1.00000E-35  1.00000E-35
   4.66884E+02  1.00000E-35  1.00000E-35
   4.69621E+02  1.00000E-35  1.00000E-35
   4.72360E+02  1.00000E-35  1.00000E-35
   4.75099E+02  1.00000E-35  1.00000E-35
   4.77838E+02  1.00000E-35  1.00000E-35
   4.80578E+02  1.00000E-35  1.00000E-35
   4.83319E+02  1.00000E-35  1.00000E-35
   4.86061E+02  1.00000E-35  1.00000E-35
   4.88803E+02  1.00000E-35  1.00000E-35
   4.91546E+02  1.00000E-35  1.00000E-35
   4.94289E+02  1.00000E-35  1.00000E-35
   4.97033E+02  1.00000E-35  1.00000E-35
   4.99778E+02  1.00000E-35  1.00000E-35
   5.02523E+02  1.00000E-35  1.00000E-35
   5.05268E+02  1.00000E-35  1.00000E-35
   5.08015E+02  1.00000E-35  1.00000E-35
   5.10762E+02  1.00000E-35  1.00000E-35
   5.13509E+02  1.00000E-35  1.00000E-35
   5.16257E+02  1.00000E-35  1.00000E-35
   5.19006E+02  1.00000E-35  1.00000E-35
   5.21755E+02  1.00000E-35  1.00000E-35
   5.24505E+02  1.00000E-35  1.00000E-35
   5.27255E+02  1.00000E-35  1.00000E-35
   5.30006E+02  1.00000E-35  1.00000E-35
   5.32757E+02  1.00000E-35  1.00000E-35
   5.35509E+02  1.00000E-35  1.00000E-35
   5.38261E+02  1.00000E-35  1.00000E-35
   5.41014E+02  1.00000E-35  1.00000E-35
   5.43767E+02  1.00000E-35  1.00000E-35
   5.46521E+02  1.00000E-35  1.00000E-35
   5.49276E+02  1.00000E-35  1.00000E-35
   5.52030E+02  1.00000E-35  1.00000E-35
   5.54786E+02  1.00000E-35  1.00000E-35
   5.57542E+02  1.00000E-35  1.00000E-35
   5.60298E+02  1.00000E-35  1.00000E-35
   5.63055E+02  1.00000E-35  1.00000E-35
   5.65812E+02  1.00000E-35  1.00000E-35
   5.68570E+02  1.00000E-35  1.00000E-35
   5.71328E+02  1.00000E-35  1.00000E-35
   5.74087E+02  1.00000E-35  1.00000E-35
   5.76846E+02  1.00000E-35  1.00000E-35
   5.79605E+02  1.00000E-35  1.00000E-35
   5.82365E+02  1.00000E-35  1.00000E-35
   5.85126E+02  1.00000E-35  1.00000E-35
   5.87887E+02  1.00000E-35  1.00000E-35
   5.90648E+02  1.00000E-35  1.00000E-35
   5.93410E+02  1.00000E-35  1.00000E-35
   5.96172E+02  1.00000E-35  1.00000E-35
   5.98935E+02  1.00000E-35  1.00000E-35
   6.01698E+02  1.00000E-35  1.00000E-35
   6.04461E+02  1.00000E-35  1.00000E-35
   6.07225E+02  1.00000E-35  1.00000E-35
   6.09989E+02  1.00000E-35  1.00000E-35
   6.12754E+02  1.00000E-35  1.00000E-35
   6.15519E+02  1.00000E-35  1.00000E-35
   6.18285E+02  1.00000E-35  1.00000E-35
   6.21051E+02  1.00000E-35  1.00000E-35
   6.23817E+02  1.00000E-35  1.00000E-35
   6.26584E+02  1.00000E-35  1.00000E-35
   6.29351E+02  1.00000E-35  1.00000E-35
   6.32118E+02  1.00000E-35  1.00000E-35
   6.34886E+02  1.00000E-35  1.00000E-35
   6.37654E+02  1.00000E-35  1.00000E-35
   6.40423E+02  1.00000E-35  1.00000E-35
   6.43192E+02  1.00000E-35  1.00000E-35
   6.45961E+02  1.00000E-35  1.00000E-35
   6.48731E+02  1.00000E-35  1.00000E-35
   6.51501E+02  1.00000E-35  1.00000E-35
   6.54271E+02  1.00000E-35  1.00000E-35
   6.57042E+02  1.00000E-35  1.00000E-35
   6.59813E+02  1.00000E-35  1.00000E-35
   6.62584E+02  1.00000E-35  1.00000E-35
   6.65356E+02  1.00000E-35  1.00000E-35
   6.68128E+02  1.00000E-35  1.00000E-35
   6.70901E+02  1.00000E-35  1.00000E-35
   6.73674E+02  1.00000E-35  1.00000E-35
   6.76447E+02  1.00000E-35  1.00000E-35
   6.79220E+02  1.00000E-35  1.00000E-35
   6.81994E+02  1.00000E-35  1.00000E-35
   6.84768E+02  1.00000E-35  1.00000E-35
   6.87543E+02  1.00000E-35  1.00000E-35
   6.90318E+02  1.00000E-35  1.00000E-35
   6.93093E+02  1.00000E-35  1.00000E-35
   6.95868E+02  1.00000E-35  1.00000E-35
   6.98644E+02  1.00000E-35  1.00000E-35
   7.01420E+02  1.00000E-35  1.00000E-35
   7.04196E+02  1.00000E-35  1.00000E-35
   7.06973E+02  1.00000E-35  1.00000E-35
   7.09750E+02  1.00000E-35  1.00000E-35
   7.12527E+02  1.00000E-35  1.00000E-35
   7.15305E+02  1.00000E-35  1.00000E-35
   7.18083E+02  1.00000E-35  1.00000E-35
   7.20861E+02  1.00000E-35  1.00000E-35
   7.23640E+02  1.00000E-35  1.00000E-35
   7.26418E+02  1.00000E-35  1.00000E-35
   7.29197E+02  1.00000E-35  1.00000E-35
   7.31977E+02  1.00000E-35  1.00000E-35
   7.34757E+02  1.00000E-35  1.00000E-35
   7.37536E+02  1.00000E-35  1.00000E-35
   7.40317E+02  1.00000E-35  1.00000E-35
   7.43097E+02  1.00000E-35  1.00000E-35
   7.45878E+02  1.00000E-35  1.00000E-35
   7.48659E+02  1.00000E-35  1.00000E-35
   7.51440E+02  1.00000E-35  1.00000E-35
   7.54222E+02  1.00000E-35  1.00000E-35
   7.57004E+02  1.00000E-35  1.00000E-35
   7.59786E+02  1.00000E-35  1.00000E-35
   7.62568E+02  1.00000E-35  1.00000E-35
   7.65351E+02  1.00000E-35  1.00000E-35
   7.68134E+02  1.00000E-35  1.00000E-35
   7.70917E+02  1.00000E-35  1.00000E-35
   7.73701E+02  1.00000E-35  1.00000E-35
   7.76484E+02  1.00000E-35  1.00000E-35
   7.79268E+02  1.00000E-35  1.00000E-35
   7.82053E+02  1.00000E-35  1.00000E-35
   7.84837E+02  1.00000E-35  1.00000E-35
   7.87622E+02  1.00000E-35  1.00000E-35
   7.90407E+02  1.00000E-35  1.00000E-35
   7.93192E+02  1.00000E-35  1.00000E-35
   7.95978E+02  1.00000E-35  1.00000E-35
   7.98763E+02  1.00000E-35  1.00000E-35
   8.01549E+02  1.00000E-35  1.00000E-35
   8.04335E+02  1.00000E-35  1.00000E-35
   8.07122E+02  1.00000E-35  1.00000E-35
   8.09909E+02  1.00000E-35  1.00000E-35
   8.12696E+02  1.00000E-35  1.00000E-35
   8.15483E+02  1.00000E-35  1.00000E-35
   8.18270E+02  1.00000E-35  1.00000E-35
   8.21058E+02  1.00000E-35  1.00000E-35
   8.23846E+02  1.00000E-35  1.00000E-35
   8.26634E+02  1.00000E-35  1.00000E-35
   8.29422E+02  1.00000E-35  1.00000E-35
   8.32210E+02  1.00000E-35  1.00000E-35
   8.34999E+02  1.00000E-35  1.00000E-35
   8.37788E+02  1.00000E-35  1.00000E-35
   8.40577E+02  1.00000E-35  1.00000E-35
   8.43367E+02  1.00000E-35  1.00000E-35
   8.46156E+02  1.00000E-35  1.00000E-35
   8.48946E+02  1.00000E-35  1.00000E-35
   8.51736E+02  1.00000E-35  1.00000E-35
   8.54527E+02  1.00000E-35  1.00000E-35
   8.57317E+02  1.00000E-35  1.00000E-35
   8.60108E+02  1.00000E-35  1.00000E-35
   8.62899E+02  1.00000E-35  1.00000E-35
   8.65690E+02  1.00000E-35  1.00000E-35
   8.68481E+02  1.00000E-35  1.00000E-35
   8.71273E+02  1.00000E-35  1.00000E-35
   8.74064E+02  1.00000E-35  1.00000E-35
   8.76856E+02  1.00000E-35  1.00000E-35
   8.79649E+02  1.00000E-35  1.00000E-35
   8.82441E+02  1.00000E-35  1.00000E-35
   8.85233E+02  1.00000E-35  1.00000E-35
   8.88026E+02  1.00000E-35  1.00000E-35
   8.90819E+02  1.00000E-35  1.00000E-35
   8.93612E+02  1.00000E-35  1.00000E-35
   8.96406E+02  1.00000E-35  1.00000E-35
   8.99199E+02  1.00000E-35  1.00000E-35
   9.01993E+02  1.00000E-35  1.00000E-35
   9.04787E+02  1.00000E-35  1.00000E-35
   9.07581E+02  1.00000E-35  1.00000E-35
   9.10375E+02  1.00000E-35  1.00000E-35
   9.13170E+02  1.00000E-35  1.00000E-35
   9.15964E+02  1.00000E-35  1.00000E-35
   9.18759E+02  1.00000E-35  1.00000E-35
   9.21554E+02  1.00000E-35  1.00000E-35
   9.24350E+02  1.00000E-35  1.00000E-35
   9.27145E+02  1.00000E-35  1.00000E-35
   9.29941E+02  1.00000E-35  1.00000E-35
   9.32736E+02  1.00000E-35  1.00000E-35
   9.35532E+02  1.00000E-35  1.00000E-35
   9.38328E+02  1.00000E-35  1.00000E-35
   9.41125E+02  1.00000E-35  1.00000E-35
   9.43921E+02  1.00000E-35  1.00000E-35
   9.46718E+02  1.00000E-35  1.00000E-35
   9.49515E+02  1.00000E-35  1.00000E-35
   9.52312E+02  1.00000E-35  1.00000E-35
   9.55109E+02  1.00000E-35  1.00000E-35
   9.57906E+02  1.00000E-35  1.00000E-35
   9.60704E+02  1.00000E-35  1.00000E-35
   9.63501E+02  1.00000E-35  1.00000E-35
   9.66299E+02  1.00000E-35  1.00000E-35
   9.69097E+02  1.00000E-35  1.00000E-35
   9.71896E+02  1.00000E-35  1.00000E-35
   9.74694E+02  1.00000E-35  1.00000E-35
   9.77492E+02  1.00000E-35  1.00000E-35
   9.80291E+02  1.00000E-35  1.00000E-35
   9.83090E+02  1.00000E-35  1.00000E-35
   9.85889E+02  1.00000E-35  1.00000E-35
   9.88688E+02  1.00000E-35  1.00000E-35
   9.91488E+02  1.00000E-35  1.00000E-35
   9.94287E+02  1.00000E-35  1.00000E-35
   9.97087E+02  1.00000E-35  1.00000E-35
   9.99887E+02  1.00000E-35  1.00000E-35
   1.00269E+03  1.00000E-35  1.00000E-35
   1.00549E+03  1.00000E-35  1.00000E-35
   1.00829E+03  1.00000E-35  1.00000E-35
   1.01109E+03  1.00000E-35  1.00000E-35
   1.01389E+03  1.00000E-35  1.00000E-35
   1.01669E+03  1.00000E-35  1.00000E-35
   1.01949E+03  1.00000E-35  1.00000E-35
   1.02229E+03  1.00000E-35  1.00000E-35
   1.02509E+03  1.00000E-35  1.00000E-35
   1.02789E+03  1.00000E-35  1.00000E-35
   1.03069E+03  1.00000E-35  1.00000E-35
   1.03350E+03  1.00000E-35  1.00000E-35
   1.03630E+03  1.00000E-35  1.00000E-35
   1.03910E+03  1.00000E-35  1.00000E-35
   1.04190E+03  1.00000E-35  1.00000E-35
   1.04470E+03  1.00000E-35  1.00000E-35
   1.04751E+03  1.00000E-35  1.00000E-35
   1.05031E+03  1.00000E-35  1.00000E-35
   1.05311E+03  1.00000E-35  1.00000E-35
   1.05591E+03  1.00000E-35  1.00000E-35
   1.05872E+03  1.00000E-35  1.00000E-35
   1.06152E+03  1.00000E-35  1.00000E-35
   1.06432E+03  1.00000E-35  1.00000E-35
   1.06713E+03  1.00000E-35  1.00000E-35
   1.06993E+03  1.00000E-35  1.00000E-35
   1.07273E+03  1.00000E-35  1.00000E-35
   1.07554E+03  1.00000E-35  1.00000E-35
   1.07834E+03  1.00000E-35  1.00000E-35
   1.08115E+03  1.00000E-35  1.00000E-35
   1.08395E+03  1.00000E-35  1.00000E-35
   1.08675E+03  1.00000E-35  1.00000E-35
   1.08956E+03  1.00000E-35  1.00000E-35
   1.09236E+03  1.00000E-35  1.00000E-35
   1.09517E+03  1.00000E-35  1.00000E-35
   1.09797E+03  1.00000E-35  1.00000E-35
   1.10078E+03  1.00000E-35  1.00000E-35
   1.10358E+03  1.00000E-35  1.00000E-35
   1.10639E+03  1.00000E-35  1.00000E-35
   1.10919E+03  1.00000E-35  1.00000E-35
   1.11200E+03  1.00000E-35  1.00000E-35
   1.11481E+03  1.00000E-35  1.00000E-35
   1.11761E+03  1.00000E-35  1.00000E-35
   1.12042E+03  1.00000E-35  1.00000E-35
   1.12322E+03  1.00000E-35  1.00000E-35
   1.12603E+03  1.00000E-35  1.00000E-35
   1.12884E+03  1.00000E-35  1.00000E-35
   1.13164E+03  1.00000E-35  1.00000E-35
   1.13445E+03  1.00000E-35  1.00000E-35
   1.13725E+03  1.00000E-35  1.00000E-35
   1.14006E+03  1.00000E-35  1.00000E-35
   1.14287E+03  1.00000E-35  1.00000E-35
   1.14568E+03  1.00000E-35  1.00000E-35
   1.14848E+03  1.00000E-35  1.00000E-35
   1.15129E+03  1.00000E-35  1.00000E-35
   1.15410E+03  1.00000E-35  1.00000E-35
   1.15690E+03  1.00000E-35  1.00000E-35
   1.15971E+03  1.00000E-35  1.00000E-35
   1.16252E+03  1.00000E-35  1.00000E-35
   1.16533E+03  1.00000E-35  1.00000E-35
   1.16814E+03  1.00000E-35  1.00000E-35
   1.17094E+03  1.00000E-35  1.00000E-35
   1.17375E+03  1.00000E-35  1.00000E-35
   1.17656E+03  1.00000E-35  1.00000E-35
   1.17937E+03  1.00000E-35  1.00000E-35
   1.18218E+03  1.00000E-35  1.00000E-35
   1.18499E+03  1.00000E-35  1.00000E-35
   1.18779E+03  1.00000E-35  1.00000E-35
   1.19060E+03  1.00000E-35  1.00000E-35
   1.19341E+03  1.00000E-35  1.00000E-35
   1.19622E+03  1.00000E-35  1.00000E-35
   1.19903E+03  1.00000E-35  1.00000E-35
   1.20184E+03  1.00000E-35  1.00000E-35
   1.20465E+03  1.00000E-35  1.00000E-35
   1.20746E+03  1.00000E-35  1.00000E-35
   1.21027E+03  1.00000E-35  1.00000E-35
   1.21308E+03  1.00000E-35  1.00000E-35
   1.21589E+03  1.00000E-35  1.00000E-35
   1.21870E+03  1.00000E-35  1.00000E-35
   1.22151E+03  1.00000E-35  1.00000E-35
   1.22432E+03  1.00000E-35  1.00000E-35
   1.22713E+03  1.00000E-35  1.00000E-35
   1.22994E+03  1.00000E-35  1.00000E-35
   1.23275E+03  1.00000E-35  1.00000E-35
   1.23556E+03  1.00000E-35  1.00000E-35
   1.23837E+03  1.00000E-35  1.00000E-35
   1.24118E+03  1.00000E-35  1.00000E-35
   1.24399E+03  1.00000E-35  1.00000E-35
   1.24680E+03  1.00000E-35  1.00000E-35
   1.24961E+03  1.00000E-35  1.00000E-35
   1.25243E+03  1.00000E-35  1.00000E-35
   1.25524E+03  1.00000E-35  1.00000E-35
   1.25805E+03  1.00000E-35  1.00000E-35
   1.26086E+03  1.00000E-35  1.00000E-35
   1.26367E+03  1.00000E-35  1.00000E-35
   1.26648E+03  1.00000E-35  1.00000E-35
   1.26930E+03  1.00000E-35  1.00000E-35
   1.27211E+03  1.00000E-35  1.00000E-35
   1.27492E+03  1.00000E-35  1.00000E-35
   1.27773E+03  1.00000E-35  1.00000E-35
   1.28054E+03  1.00000E-35  1.00000E-35
   1.28336E+03  1.00000E-35  1.00000E-35
   1.28617E+03  1.00000E-35  1.00000E-35
   1.28898E+03  1.00000E-35  1.00000E-35
   1.29179E+03  1.00000E-35  1.00000E-35
   1.29461E+03  1.00000E-35  1.00000E-35
   1.29742E+03  1.00000E-35  1.00000E-35
   1.30023E+03  1.00000E-35  1.00000E-35
   1.30304E+03  1.00000E-35  1.00000E-35
   1.30586E+03  1.00000E-35  1.00000E-35
   1.30867E+03  1.00000E-35  1.00000E-35
   1.31148E+03  1.00000E-35  1.00000E-35
   1.31430E+03  1.00000E-35  1.00000E-35
   1.31711E+03  1.00000E-35  1.00000E-35
   1.31992E+03  1.00000E-35  1.00000E-35
   1.32274E+03  1.00000E-35  1.00000E-35
   1.32555E+03  1.00000E-35  1.00000E-35
   1.32837E+03  1.00000E-35  1.00000E-35
   1.33118E+03  1.00000E-35  1.00000E-35
   1.33399E+03  1.00000E-35  1.00000E-35
   1.33681E+03  1.00000E-35  1.00000E-35
   1.33962E+03  1.00000E-35  1.00000E-35
   1.34244E+03  1.00000E-35  1.00000E-35
   1.34525E+03  1.00000E-35  1.00000E-35
   1.34806E+03  1.00000E-35  1.00000E-35
   1.35088E+03  1.00000E-35  1.00000E-35
   1.35369E+03  1.00000E-35  1.00000E-35
   1.35651E+03  1.00000E-35  1.00000E-35
   1.35932E+03  1.00000E-35  1.00000E-35
   1.36214E+03  1.00000E-35  1.00000E-35
   1.36495E+03  1.00000E-35  1.00000E-35
   1.36777E+03  1.00000E-35  1.00000E-35
   1.37058E+03  1.00000E-35  1.00000E-35
   1.37340E+03  1.00000E-35  1.00000E-35
   1.37621E+03  1.00000E-35  1.00000E-35
   1.37903E+03  1.00000E-35  1.00000E-35
   1.38184E+03  1.00000E-35  1.00000E-35
   1.38466E+03  1.00000E-35  1.00000E-35
   1.38748E+03  1.00000E-35  1.00000E-35
   1.39029E+03  1.00000E-35  1.00000E-35
   1.39311E+03  1.00000E-35  1.00000E-35
   1.39592E+03  1.00000E-35  1.00000E-35
   1.39874E+03  1.00000E-35  1.00000E-35
   1.40155E+03  1.00000E-35  1.00000E-35
   1.40437E+03  1.00000E-35  1.00000E-35
   1.40719E+03  1.00000E-35  1.00000E-35
   1.41000E+03  1.00000E-35  1.00000E-35
   1.41282E+03  1.00000E-35  1.00000E-35
   1.41564E+03  1.00000E-35  1.00000E-35
   1.41845E+03  1.00000E-35  1.00000E-35
   1.42127E+03  1.00000E-35  1.00000E-35
   1.42409E+03  1.00000E-35  1.00000E-35
   1.42690E+03  1.00000E-35  1.00000E-35
   1.42972E+03  1.00000E-35  1.00000E-35
   1.43254E+03  1.00000E-35  1.00000E-35
   1.43535E+03  1.00000E-35  1.00000E-35
   1.43817E+03  1.00000E-35  1.00000E-35
   1.44099E+03  1.00000E-35  1.00000E-35
   1.44380E+03  1.00000E-35  1.00000E-35
   1.44662E+03  1.00000E-35  1.00000E-35
   1.44944E+03  1.00000E-35  1.00000E-35
   1.45226E+03  1.00000E-35  1.00000E-35
   1.45507E+03  1.00000E-35  1.00000E-35
   1.45789E+03  1.00000E-35  1.00000E-35
   1.46071E+03  1.00000E-35  1.00000E-35
   1.46353E+03  1.00000E-35  1.00000E-35
   1.46634E+03  1.00000E-35  1.00000E-35
   1.46916E+03  1.00000E-35  1.00000E-35
   1.47198E+03  1.00000E-35  1.00000E-35
   1.47480E+03  1.00000E-35  1.00000E-35
   1.47762E+03  1.00000E-35  1.00000E-35
   1.48044E+03  1.00000E-35  1.00000E-35
   1.48325E+03  1.00000E-35  1.00000E-35
   1.48607E+03  1.00000E-35  1.00000E-35
   1.48889E+03  1.00000E-35  1.00000E-35
   1.49171E+03  1.00000E-35  1.00000E-35
   1.49453E+03  1.00000E-35  1.00000E-35
   1.49735E+03  1.00000E-35  1.00000E-35
   1.50016E+03  1.00000E-35  1.00000E-35
   1.50298E+03  1.00000E-35  1.00000E-35
   1.50580E+03  1.00000E-35  1.00000E-35
   1.50862E+03  1.00000E-35  1.00000E-35
   1.51144E+03  1.00000E-35  1.00000E-35
   1.51426E+03  1.00000E-35  1.00000E-35
   1.51708E+03  1.00000E-35  1.00000E-35
   1.51990E+03  1.00000E-35  1.00000E-35
   1.52272E+03  1.00000E-35  1.00000E-35
   1.52554E+03  1.00000E-35  1.00000E-35
   1.52836E+03  1.00000E-35  1.00000E-35
   1.53117E+03  1.00000E-35  1.00000E-35
   1.53399E+03  1.00000E-35  1.00000E-35
   1.53681E+03  1.00000E-35  1.00000E-35
   1.53963E+03  1.00000E-35  1.00000E-35
   1.54245E+03  1.00000E-35  1.00000E-35
   1.54527E+03  1.00000E-35  1.00000E-35
   1.54809E+03  1.00000E-35  1.00000E-35
   1.55091E+03  1.00000E-35  1.00000E-35
   1.55373E+03  1.00000E-35  1.00000E-35
   1.55655E+03  1.00000E-35  1.00000E-35
   1.55937E+03  1.00000E-35  1.00000E-35
   1.56219E+03  1.00000E-35  1.00000E-35
   1.56501E+03  1.00000E-35  1.00000E-35
   1.56783E+03  1.00000E-35  1.00000E-35
   1.57065E+03  1.00000E-35  1.00000E-35
   1.57347E+03  1.00000E-35  1.00000E-35
   1.57630E+03  1.00000E-35  1.00000E-35
   1.57912E+03  1.00000E-35  1.00000E-35
   1.58194E+03  1.00000E-35  1.00000E-35
   1.58476E+03  1.00000E-35  1.00000E-35
   1.58758E+03  1.00000E-35  1.00000E-35
   1.59040E+03  1.00000E-35  1.00000E-35
   1.59322E+03  1.00000E-35  1.00000E-35
   1.59604E+03  1.00000E-35  1.00000E-35
   1.59886E+03  1.00000E-35  1.00000E-35
   1.60168E+03  1.00000E-35  1.00000E-35
   1.60450E+03  1.00000E-35  1.00000E-35
   1.60733E+03  1.00000E-35  1.00000E-35
   1.61015E+03  1.00000E-35  1.00000E-35
   1.61297E+03  1.00000E-35  1.00000E-35
   1.61579E+03  1.00000E-35  1.00000E-35
   1.61861E+03  1.00000E-35  1.00000E-35
   1.62143E+03  1.00000E-35  1.00000E-35
   1.62425E+03  1.00000E-35  1.00000E-35
   1.62708E+03  1.00000E-35  1.00000E-35
   1.62990E+03  1.00000E-35  1.00000E-35
   1.63272E+03  1.00000E-35  1.00000E-35
   1.63554E+03  1.00000E-35  1.00000E-35
   1.63836E+03  1.00000E-35  1.00000E-35
   1.64119E+03  1.00000E-35  1.00000E-35
   1.64401E+03  1.00000E-35  1.00000E-35
   1.64683E+03  1.00000E-35  1.00000E-35
   1.64965E+03  1.00000E-35  1.00000E-35
   1.65247E+03  1.00000E-35  1.00000E-35
   1.65530E+03  1.00000E-35  1.00000E-35
   1.65812E+03  1.00000E-35  1.00000E-35
   1.66094E+03  1.00000E-35  1.00000E-35
   1.66376E+03  1.00000E-35  1.00000E-35
   1.66659E+03  1.00000E-35  1.00000E-35
   1.66941E+03  1.00000E-35  1.00000E-35
   1.67223E+03  1.00000E-35  1.00000E-35
   1.67505E+03  1.00000E-35  1.00000E-35
   1.67788E+03  1.00000E-35  1.00000E-35
   1.68070E+03  1.00000E-35  1.00000E-35
   1.68352E+03  1.00000E-35  1.00000E-35
   1.68634E+03  1.00000E-35  1.00000E-35
   1.68917E+03  1.00000E-35  1.00000E-35
   1.69199E+03  1.00000E-35  1.00000E-35
   1.69481E+03  1.00000E-35  1.00000E-35
   1.69764E+03  1.00000E-35  1.00000E-35
   1.70046E+03  1.00000E-35  1.00000E-35
   1.70328E+03  1.00000E-35  1.00000E-35
   1.70611E+03  1.00000E-35  1.00000E-35
   1.70893E+03  1.00000E-35  1.00000E-35
   1.71175E+03  1.00000E-35  1.00000E-35
   1.71458E+03  1.00000E-35  1.00000E-35
   1.71740E+03  1.00000E-35  1.00000E-35
   1.72022E+03  1.00000E-35  1.00000E-35
   1.72305E+03  1.00000E-35  1.00000E-35
   1.72587E+03  1.00000E-35  1.00000E-35
   1.72869E+03  1.00000E-35  1.00000E-35
   1.73152E+03  1.00000E-35  1.00000E-35
   1.73434E+03  1.00000E-35  1.00000E-35
   1.73717E+03  1.00000E-35  1.00000E-35
   1.73999E+03  1.00000E-35  1.00000E-35
   1.74281E+03  1.00000E-35  1.00000E-35
   1.74564E+03  1.00000E-35  1.00000E-35
   1.74846E+03  1.00000E-35  1.00000E-35
   1.75129E+03  1.00000E-35  1.00000E-35
   1.75411E+03  1.00000E-35  1.00000E-35
   1.75693E+03  1.00000E-35  1.00000E-35
   1.75976E+03  1.00000E-35  1.00000E-35
   1.76258E+03  1.00000E-35  1.00000E-35
   1.76541E+03  1.00000E-35  1.00000E-35
   1.76823E+03  1.00000E-35  1.00000E-35
   1.77106E+03  1.00000E-35  1.00000E-35
   1.77388E+03  1.00000E-35  1.00000E-35
   1.77671E+03  1.00000E-35  1.00000E-35
   1.77953E+03  1.00000E-35  1.00000E-35
   1.78236E+03  1.00000E-35  1.00000E-35
   1.78518E+03  1.00000E-35  1.00000E-35
   1.78800E+03  1.00000E-35  1.00000E-35
   1.79083E+03  1.00000E-35  1.00000E-35
   1.79365E+03  1.00000E-35  1.00000E-35
   1.79648E+03  1.00000E-35  1.00000E-35
   1.79930E+03  1.00000E-35  1.00000E-35
   1.80213E+03  1.00000E-35  1.00000E-35
   1.80495E+03  1.00000E-35  1.00000E-35
   1.80778E+03  1.00000E-35  1.00000E-35
   1.81061E+03  1.00000E-35  1.00000E-35
   1.81343E+03  1.00000E-35  1.00000E-35
   1.81626E+03  1.00000E-35  1.00000E-35
   1.81908E+03  1.00000E-35  1.00000E-35
   1.82191E+03  1.00000E-35  1.00000E-35
   1.82473E+03  1.00000E-35  1.00000E-35
   1.82756E+03  1.00000E-35  1.00000E-35
   1.83038E+03  1.00000E-35  1.00000E-35
   1.83321E+03  1.00000E-35  1.00000E-35
   1.83603E+03  1.00000E-35  1.00000E-35
   1.83886E+03  1.00000E-35  1.00000E-35
   1.84169E+03  1.00000E-35  1.00000E-35
   1.84451E+03  1.00000E-35  1.00000E-35
   1.84734E+03  1.00000E-35  1.00000E-35
   1.85016E+03  1.00000E-35  1.00000E-35
   1.85299E+03  1.00000E-35  1.00000E-35
   1.85582E+03  1.00000E-35  1.00000E-35
   1.85864E+03  1.00000E-35  1.00000E-35
   1.86147E+03  1.00000E-35  1.00000E-35
   1.86429E+03  1.00000E-35  1.00000E-35
   1.86712E+03  1.00000E-35  1.00000E-35
   1.86995E+03  1.00000E-35  1.00000E-35
   1.87277E+03  1.00000E-35  1.00000E-35
   1.87560E+03  1.00000E-35  1.00000E-35
   1.87842E+03  1.00000E-35  1.00000E-35
   1.88125E+03  1.00000E-35  1.00000E-35
   1.88408E+03  1.00000E-35  1.00000E-35
   1.88690E+03  1.00000E-35  1.00000E-35
   1.88973E+03  1.00000E-35  1.00000E-35
   1.89256E+03  1.00000E-35  1.00000E-35
   1.89538E+03  1.00000E-35  1.00000E-35
   1.89821E+03  1.00000E-35  1.00000E-35
   1.90104E+03  1.00000E-35  1.00000E-35
   1.90386E+03  1.00000E-35  1.00000E-35
   1.90669E+03  1.00000E-35  1.00000E-35
   1.90952E+03  1.00000E-35  1.00000E-35
   1.91234E+03  1.00000E-35  1.00000E-35
   1.91517E+03  1.00000E-35  1.00000E-35
   1.91800E+03  1.00000E-35  1.00000E-35
   1.92083E+03  1.00000E-35  1.00000E-35
   1.92365E+03  1.00000E-35  1.00000E-35
   1.92648E+03  1.00000E-35  1.00000E-35
   1.92931E+03  1.00000E-35  1.00000E-35
   1.93213E+03  1.00000E-35  1.00000E-35
   1.93496E+03  1.00000E-35  1.00000E-35
   1.93779E+03  1.00000E-35  1.00000E-35
   1.94062E+03  1.00000E-35  1.00000E-35
   1.94344E+03  1.00000E-35  1.00000E-35
   1.94627E+03  1.00000E-35  1.00000E-35
   1.94910E+03  1.00000E-35  1.00000E-35
   1.95193E+03  1.00000E-35  1.00000E-35
   1.95475E+03  1.00000E-35  1.00000E-35
   1.95758E+03  1.00000E-35  1.00000E-35
   1.96041E+03  1.00000E-35  1.00000E-35
   1.96324E+03  1.00000E-35  1.00000E-35
   1.96606E+03  1.00000E-35  1.00000E-35
   1.96889E+03  1.00000E-35  1.00000E-35
   1.97172E+03  1.00000E-35  1.00000E-35
   1.97455E+03  1.00000E-35  1.00000E-35
   1.97738E+03  1.00000E-35  1.00000E-35
   1.98020E+03  1.00000E-35  1.00000E-35
   1.98303E+03  1.00000E-35  1.00000E-35
   1.98586E+03  1.00000E-35  1.00000E-35
   1.98869E+03  1.00000E-35  1.00000E-35
   1.99152E+03  1.00000E-35  1.00000E-35
   1.99434E+03  1.00000E-35  1.00000E-35
   1.99717E+03  1.00000E-35  1.00000E-35
   2.00000E+03  1.00000E-35  1.00000E-35
