  0.173215911864E-05  0.348610611681E-05  0.526211505230E-05  0.706046343012E-05
  0.888143224586E-05  0.107253060296E-04  0.125923728904E-04  0.144829245612E-04
  0.163972564446E-04  0.183356676588E-04  0.202984610846E-04  0.222859434123E-04
  0.242984251902E-04  0.263362208726E-04  0.283996488693E-04  0.304890315950E-04
  0.326046955200E-04  0.347469712213E-04  0.369161934336E-04  0.391127011024E-04
  0.413368374365E-04  0.435889499617E-04  0.458693905751E-04  0.481785156003E-04
  0.505166858427E-04  0.528842666462E-04  0.552816279501E-04  0.577091443470E-04
  0.601671951412E-04  0.626561644083E-04  0.651764410547E-04  0.677284188787E-04
  0.703124966321E-04  0.729290780823E-04  0.755785720755E-04  0.782613926005E-04
  0.809779588535E-04  0.837286953034E-04  0.865140317585E-04  0.893344034332E-04
  0.921902510163E-04  0.950820207399E-04  0.980101644488E-04  0.100975139671E-03
  0.103977409691E-03  0.107017443619E-03  0.110095716466E-03  0.113212709219E-03
  0.116368908915E-03  0.119564808715E-03  0.122800907986E-03  0.126077712375E-03
  0.129395733889E-03  0.132755490976E-03  0.136157508604E-03  0.139602318347E-03
  0.143090458462E-03  0.146622473978E-03  0.150198916780E-03  0.153820345695E-03
  0.157487326578E-03  0.161200432402E-03  0.164960243348E-03  0.168767346894E-03
  0.172622337907E-03  0.176525818738E-03  0.180478399313E-03  0.184480697232E-03
  0.188533337861E-03  0.192636954434E-03  0.196792188149E-03  0.200999688269E-03
  0.205260112227E-03  0.209574125720E-03  0.213942402823E-03  0.218365626088E-03
  0.222844486653E-03  0.227379684348E-03  0.231971927807E-03  0.236621934579E-03
  0.241330431235E-03  0.246098153488E-03  0.250925846305E-03  0.255814264021E-03
  0.260764170463E-03  0.265776339064E-03  0.270851552984E-03  0.275990605237E-03
  0.281194298809E-03  0.286463446789E-03  0.291798872491E-03  0.297201409587E-03
  0.302671902234E-03  0.308211205207E-03  0.313820184035E-03  0.319499715131E-03
  0.325250685933E-03  0.331073995044E-03  0.336970552365E-03  0.342941279247E-03
  0.348987108628E-03  0.355108985181E-03  0.361307865462E-03  0.367584718057E-03
  0.373940523739E-03  0.380376275615E-03  0.386892979283E-03  0.393491652993E-03
  0.400173327801E-03  0.406939047731E-03  0.413789869941E-03  0.420726864887E-03
  0.427751116488E-03  0.434863722296E-03  0.442065793673E-03  0.449358455955E-03
  0.456742848636E-03  0.464220125543E-03  0.471791455015E-03  0.479458020088E-03
  0.487221018678E-03  0.495081663769E-03  0.503041183604E-03  0.511100821874E-03
  0.519261837913E-03  0.527525506897E-03  0.535893120040E-03  0.544365984800E-03
  0.552945425079E-03  0.561632781432E-03  0.570429411275E-03  0.579336689101E-03
  0.588356006689E-03  0.597488773326E-03  0.606736416026E-03  0.616100379752E-03
  0.625582127641E-03  0.635183141237E-03  0.644904920717E-03  0.654748985130E-03
  0.664716872629E-03  0.674810140718E-03  0.685030366491E-03  0.695379146878E-03
  0.705858098898E-03  0.716468859909E-03  0.727213087862E-03  0.738092461566E-03
  0.749108680945E-03  0.760263467306E-03  0.771558563606E-03  0.782995734727E-03
  0.794576767752E-03  0.806303472239E-03  0.818177680510E-03  0.830201247935E-03
  0.842376053220E-03  0.854703998703E-03  0.867187010651E-03  0.879827039559E-03
  0.892626060459E-03  0.905586073223E-03  0.918709102880E-03  0.931997199929E-03
  0.945452440663E-03  0.959076927490E-03  0.972872789265E-03  0.986842181619E-03
  0.100098728730E-02  0.101531031650E-02  0.102981350724E-02  0.104449912565E-02
  0.105936946641E-02  0.107442685302E-02  0.108967363824E-02  0.110511220442E-02
  0.112074496385E-02  0.113657435918E-02  0.115260286380E-02  0.116883298219E-02
  0.118526725033E-02  0.120190823612E-02  0.121875853974E-02  0.123582079409E-02
  0.125309766518E-02  0.127059185256E-02  0.128830608972E-02  0.130624314456E-02
  0.132440581977E-02  0.134279695332E-02  0.136141941884E-02  0.138027612615E-02
  0.139937002163E-02  0.141870408875E-02  0.143828134850E-02  0.145810485987E-02
  0.147817772030E-02  0.149850306625E-02  0.151908407357E-02  0.153992395809E-02
  0.156102597609E-02  0.158239342481E-02  0.160402964294E-02  0.162593801119E-02
  0.164812195279E-02  0.167058493402E-02  0.169333046478E-02  0.171636209909E-02
  0.173968343570E-02  0.176329811861E-02  0.178720983767E-02  0.181142232912E-02
  0.183593937623E-02  0.186076480982E-02  0.188590250893E-02  0.191135640137E-02
  0.193713046436E-02  0.196322872515E-02  0.198965526165E-02  0.201641420306E-02
  0.204350973052E-02  0.207094607775E-02  0.209872753175E-02  0.212685843343E-02
  0.215534317829E-02  0.218418621713E-02  0.221339205673E-02  0.224296526058E-02
  0.227291044953E-02  0.230323230260E-02  0.233393555762E-02  0.236502501205E-02
  0.239650552367E-02  0.242838201139E-02  0.246065945596E-02  0.249334290080E-02
  0.252643745277E-02  0.255994828296E-02  0.259388062751E-02  0.262823978840E-02
  0.266303113433E-02  0.269826010153E-02  0.273393219458E-02  0.277005298732E-02
  0.280662812370E-02  0.284366331867E-02  0.288116435904E-02  0.291913710443E-02
  0.295758748816E-02  0.299652151817E-02  0.303594527800E-02  0.307586492768E-02
  0.311628670473E-02  0.315721692515E-02  0.319866198437E-02  0.324062835825E-02
  0.328312260414E-02  0.332615136183E-02  0.336972135467E-02  0.341383939056E-02
  0.345851236302E-02  0.350374725230E-02  0.354955112644E-02  0.359593114239E-02
  0.364289454713E-02  0.369044867878E-02  0.373860096777E-02  0.378735893799E-02
  0.383673020797E-02  0.388672249209E-02  0.393734360173E-02  0.398860144654E-02
  0.404050403567E-02  0.409305947900E-02  0.414627598843E-02  0.420016187914E-02
  0.425472557092E-02  0.430997558945E-02  0.436592056766E-02  0.442256924707E-02
  0.447993047915E-02  0.453801322670E-02  0.459682656528E-02  0.465637968459E-02
  0.471668188993E-02  0.477774260363E-02  0.483957136657E-02  0.490217783960E-02
  0.496557180511E-02  0.502976316856E-02  0.509476195995E-02  0.516057833549E-02
  0.522722257913E-02  0.529470510415E-02  0.536303645484E-02  0.543222730812E-02
  0.550228847519E-02  0.557323090326E-02  0.564506567722E-02  0.571780402140E-02
  0.579145730132E-02  0.586603702545E-02  0.594155484703E-02  0.601802256587E-02
  0.609545213020E-02  0.617385563856E-02  0.625324534165E-02  0.633363364427E-02
  0.641503310726E-02  0.649745644945E-02  0.658091654965E-02  0.666542644868E-02
  0.675099935139E-02  0.683764862870E-02  0.692538781974E-02  0.701423063395E-02
  0.710419095319E-02  0.719528283395E-02  0.728752050952E-02  0.738091839222E-02
  0.747549107566E-02  0.757125333702E-02  0.766822013934E-02  0.776640663388E-02
  0.786582816249E-02  0.796650025998E-02  0.806843865656E-02  0.817165928033E-02
  0.827617825971E-02  0.838201192601E-02  0.848917681596E-02  0.859768967428E-02
  0.870756745632E-02  0.881882733073E-02  0.893148668207E-02  0.904556311361E-02
  0.916107445001E-02  0.927803874016E-02  0.939647425996E-02  0.951639951521E-02
  0.963783324447E-02  0.976079442201E-02  0.988530226077E-02  0.100113762153E-01
  0.101390359850E-01  0.102683015170E-01  0.103991930091E-01  0.105317309136E-01
  0.106659359396E-01  0.108018290571E-01  0.109394314995E-01  0.110787647677E-01
  0.112198506325E-01  0.113627111391E-01  0.115073686097E-01  0.116538456472E-01
  0.118021651391E-01  0.119523502605E-01  0.121044244781E-01  0.122584115540E-01
  0.124143355488E-01  0.125722208260E-01  0.127320920556E-01  0.128939742176E-01
  0.130578926066E-01  0.132238728351E-01  0.133919408378E-01  0.135621228758E-01
  0.137344455403E-01  0.139089357571E-01  0.140856207906E-01  0.142645282483E-01
  0.144456860847E-01  0.146291226062E-01  0.148148664751E-01  0.150029467143E-01
  0.151933927116E-01  0.153862342247E-01  0.155815013854E-01  0.157792247046E-01
  0.159794350771E-01  0.161821637859E-01  0.163874425081E-01  0.165953033186E-01
  0.168057786964E-01  0.170189015284E-01  0.172347051157E-01  0.174532231779E-01
  0.176744898590E-01  0.178985397323E-01  0.181254078061E-01  0.183551295290E-01
  0.185877407954E-01  0.188232779514E-01  0.190617778000E-01  0.193032776075E-01
  0.195478151086E-01  0.197954285127E-01  0.200461565101E-01  0.203000382775E-01
  0.205571134844E-01  0.208174222992E-01  0.210810053960E-01  0.213479039599E-01
  0.216181596945E-01  0.218918148277E-01  0.221689121188E-01  0.224494948647E-01
  0.227336069070E-01  0.230212926390E-01  0.233125970120E-01  0.236075655429E-01
  0.239062443212E-01  0.242086800160E-01  0.245149198836E-01  0.248250117745E-01
  0.251390041412E-01  0.254569460457E-01  0.257788871670E-01  0.261048778091E-01
  0.264349689087E-01  0.267692120433E-01  0.271076594388E-01  0.274503639786E-01
  0.277973792108E-01  0.281487593573E-01  0.285045593219E-01  0.288648346991E-01
  0.292296417827E-01  0.295990375746E-01  0.299730797935E-01  0.303518268843E-01
  0.307353380271E-01  0.311236731461E-01  0.315168929197E-01  0.319150587891E-01
  0.323182329686E-01  0.327264784550E-01  0.331398590375E-01  0.335584393076E-01
  0.339822846693E-01  0.344114613494E-01  0.348460364075E-01  0.352860777470E-01
  0.357316541251E-01  0.361828351641E-01  0.366396913619E-01  0.371022941033E-01
  0.375707156708E-01  0.380450292564E-01  0.385253089723E-01  0.390116298634E-01
  0.395040679183E-01  0.400027000814E-01  0.405076042650E-01  0.410188593614E-01
  0.415365452552E-01  0.420607428360E-01  0.425915340107E-01  0.431290017164E-01
  0.436732299336E-01  0.442243036990E-01  0.447823091192E-01  0.453473333834E-01
  0.459194647780E-01  0.464987926996E-01  0.470854076694E-01  0.476794013471E-01
  0.482808665456E-01  0.488898972449E-01  0.495065886073E-01  0.501310369922E-01
  0.507633399708E-01  0.514035963418E-01  0.520519061465E-01  0.527083706847E-01
  0.533730925302E-01  0.540461755473E-01  0.547277249065E-01  0.554178471013E-01
  0.561166499647E-01  0.568242426860E-01  0.575407358281E-01  0.582662413444E-01
  0.590008725967E-01  0.597447443727E-01  0.604979729037E-01  0.612606758833E-01
  0.620329724853E-01  0.628149833828E-01  0.636068307664E-01  0.644086383640E-01
  0.652205314596E-01  0.660426369131E-01  0.668750831802E-01  0.677180003324E-01
  0.685715200771E-01  0.694357757786E-01  0.703109024786E-01  0.711970369173E-01
  0.720943175551E-01  0.730028845939E-01  0.739228799993E-01  0.748544475222E-01
  0.757977327221E-01  0.767528829891E-01  0.777200475675E-01  0.786993775787E-01
  0.796910260450E-01  0.806951479134E-01  0.817119000801E-01  0.827414414147E-01
  0.837839327851E-01  0.848395370826E-01  0.859084192476E-01  0.869907462952E-01
  0.880866873411E-01  0.891964136283E-01  0.903200985538E-01  0.914579176957E-01
  0.926100488406E-01  0.937766720112E-01  0.949579694949E-01  0.961541258717E-01
  0.973653280435E-01  0.985917652632E-01  0.998336291640E-01  0.101091113790    
  0.102364415625      0.103653733625      0.104959269250      0.106281226491    
  0.107619811907      0.108975234655      0.110347706523      0.111737441961    
  0.113144658119      0.114569574877      0.116012414882      0.117473403580    
  0.118952769253      0.120450743056      0.121967559050      0.123503454240    
  0.125058668613      0.126633445175      0.128228029988      0.129842672208    
  0.131477624128      0.133133141211      0.134809482135      0.136506908832    
  0.138225686529      0.139966083788      0.141728372549      0.143512828174    
  0.145319729488      0.147149358823      0.149002002061      0.150877948682    
  0.152777491808      0.154700928244      0.156648558532      0.158620686994    
  0.160617621778      0.162639674909      0.164687162337      0.166760403987    
  0.168859723807      0.170985449819      0.173137914173      0.175317453195    
  0.177524407444      0.179759121759      0.182021945320      0.184313231698    
  0.186633338910      0.188982629479      0.191361470485      0.193770233627    
  0.196209295280      0.198679036551      0.201179843344      0.203712106413    
  0.206276221431      0.208872589046      0.211501614944      0.214163709918    
  0.216859289924      0.219588776152      0.222352595091      0.225151178593    
  0.227984963941      0.230854393921      0.233759916887      0.236701986833    
  0.239681063463      0.242697612264      0.245752104578      0.248845017676    
  0.251976834831      0.255148045396      0.258359144880      0.261610635023    
  0.264903023877      0.268236825885      0.271612561960      0.275030759568    
  0.278491952808      0.281996682500      0.285545496265      0.289138948611    
  0.292777601024      0.296462022050      0.300192787387      0.303970479975    
  0.307795690086      0.311669015418      0.315591061184      0.319562440213    
  0.323583773040      0.327655688008      0.331778821361      0.335953817346    
  0.340181328317      0.344462014829      0.348796545750      0.353185598357    
  0.357629858450      0.362130020453      0.366686787526      0.371300871672    
  0.375972993853      0.380703884096      0.385494281612      0.390344934912    
  0.395256601919      0.400230050091      0.405266056541      0.410365408153    
  0.415528901713      0.420757344026      0.426051552047      0.431412353007    
  0.436840584543      0.442337094825      0.447902742696      0.453538397799    
  0.459244940717      0.465023263108      0.470874267848      0.476798869167    
  0.482797992796      0.488872576112      0.495023568279      0.501251930403    
  0.507558635679      0.513944669541      0.520411029820      0.526958726899    
  0.533588783868      0.540302236688      0.547100134349      0.553983539035    
  0.560953526295      0.568011185201      0.575157618528      0.582393942919    
  0.589721289067      0.597140801883      0.604653640682      0.612260979359    
  0.619964006577      0.627763925950      0.635661956231      0.643659331503    
  0.651757301372      0.659957131162      0.668260102115      0.676667511585    
  0.685180673248      0.693800917302      0.702529590678      0.711368057249    
  0.720317698044      0.729379911462      0.738556113492      0.747847737935    
  0.757256236625      0.766783079661      0.776429755629      0.786197771844    
  0.796088654578      0.806103949301      0.816245220923      0.826514054039    
  0.836912053174      0.847440843038      0.858102068775      0.868897396223    
  0.879828512174      0.890897124638      0.902104963107      0.913453778829    
  0.924945345080      0.936581457440      0.948363934075      0.960294616022    
  0.972375367473      0.984608076071      0.996994653202       1.00953703429    
   1.02223717912       1.03509707210       1.04811872262       1.06130416534    
   1.07465546051       1.08817469430       1.10186397912       1.11572545395    
   1.12976128466       1.14397366439       1.15836481385       1.17293698169    
   1.18769244483       1.20263350885       1.21776250832       1.23308180718    
   1.24859379910       1.26430090785       1.28020558771       1.29631032382    
   1.31261763257       1.32913006201       1.34585019225       1.36278063583    
   1.37992403818       1.39728307798       1.41486046762       1.43265895361    
   1.45068131699       1.46893037380       1.48740897548       1.50612000936    
   1.52506639907       1.54425110503       1.56367712488       1.58334749398    
   1.60326528586       1.62343361273       1.64385562591       1.66453451640    
   1.68547351531       1.70667589441       1.72814496660       1.74988408648    
   1.77189665082       1.79418609914       1.81675591420       1.83960962258    
   1.86275079523       1.88618304800       1.90991004223       1.93393548530    
   1.95826313125       1.98289678130       2.00784028454       2.03309753842    
   2.05867248944       2.08456913375       2.11079151774       2.13734373871    
   2.16422994552       2.19145433917       2.21902117354       2.24693475599    
   2.27519944810       2.30381966626       2.33279988245       2.36214462488    
   2.39185847874       2.42194608686       2.45241215051       2.48326143006    
   2.51449874578       2.54612897856       2.57815707070       2.61058802663    
   2.64342691378       2.67667886327       2.71034907080       2.74444279741    
   2.77896537030       2.81392218370       2.84931869969       2.88516044904    
   2.92145303209       2.95820211964       2.99541345381       3.03309284894    
   3.07124619252       3.10987944608       3.14899864615       3.18860990518    
   3.22871941252       3.26933343534       3.31045831969       3.35210049140    
   3.39426645715       3.43696280546       3.48019620771       3.52397341922    
   3.56830128026       3.61318671716       3.65863674335       3.70465846049    
   3.75125905956       3.79844582202       3.84622612088       3.89460742192    
   3.94359728480       3.99320336430       4.04343341147       4.09429527486    
   4.14579690172       4.19794633931       4.25075173607       4.30422134295    
   4.35836351469       4.41318671112       4.46869949846       4.52491055071    
   4.58182865096       4.63946269277       4.69782168158       4.75691473611    
   4.81675108976       4.87734009209       4.93869121024       5.00081403046    
   5.06371825957       5.12741372647       5.19191038372       5.25721830904    
   5.32334770694       5.39030891026       5.45811238184       5.52676871610    
   5.59628864073       5.66668301836       5.73796284826       5.81013926805    
   5.88322355544       5.95722712999       6.03216155492       6.10803853889    
   6.18486993781       6.26266775677       6.34144415182       6.42121143195    
   6.50198206093       6.58376865936       6.66658400656       6.75044104259    
   6.83535287028       6.92133275728       7.00839413812       7.09655061633    
   7.18581596652       7.27620413659       7.36772924988       7.46040560738    
   7.55424768994       7.64927016059       7.74548786679       7.84291584274    
   7.94156931176       8.04146368867       8.14261458215       8.24503779724    
   8.34874933779       8.45376540892       8.56010241961       8.66777698523    
   8.77680593017       8.88720629040       8.99899531622       9.11219047487    
   9.22680945335       9.34287016109       9.46039073282       9.57938953137    
   9.69988515054       9.82189641801       9.94544239830       10.0705423957    
   10.1972159574       10.3254828763       10.4553631945       10.5868772059    
   10.7200454600       10.8548887645       10.9914281889       11.1296850679    
   11.2696810044       11.4114378729       11.5549778234       11.7003232841    
   11.8474969657       11.9965218644       12.1474212654       12.3002187473    
   12.4549381849       12.6116037535       12.7702399323       12.9308715086    
   13.0935235814       13.2582215655       13.4249911951       13.5938585284    
   13.7648499514       13.9379921816       14.1133122730       14.2908376196    
   14.4705959603       14.6526153825       14.8369243272       15.0235515930    
   15.2125263408       15.4038780984       15.5976367647       15.7938326151    
   15.9924963054       16.1936588774       16.3973517630       16.6036067897    
   16.8124561853       17.0239325828       17.2380690260       17.4548989741    
   17.6744563071       17.8967753315       18.1218907849       18.3498378421    
   18.5806521203       18.8143696848       19.0510270543       19.2906612070    
   19.5333095864       19.7790101066       20.0278011589       20.2797216174    
   20.5348108452       20.7931087004       21.0546555428       21.3194922394    
   21.5876601715       21.8592012411       22.1341578767       22.4125730411    
   22.6944902372       22.9799535150       23.2690074789       23.5616972940    
   23.8580686938       24.1581679869       24.4620420644       24.7697384072    
   25.0813050936       25.3967908065       25.7162448411       26.0397171128    
   26.3672581648       26.6989191760       27.0347519692       27.3748090189    
   27.7191434598       28.0678090947       28.4208604034       28.7783525509    
   29.1403413960       29.5068835003       29.8780361367       30.2538572985    
   30.6344057086       31.0197408285       31.4099228675       31.8050127923    
   32.2050723366       32.6101640105       33.0203511104       33.4356977289    
   33.8562687647       34.2821299328       34.7133477750       35.1499896700    
   35.5921238439       36.0398193810       36.4931462348       36.9521752385    
   37.4169781162       37.8876274944       38.3641969129       38.8467608369    
   39.3353946677       39.8301747555       40.3311784107       40.8384839161    
   41.3521705392       41.8723185446       42.3990092064       42.9323248213    
   43.4723487207       44.0191652846       44.5728599542       45.1335192453    
   45.7012307621       46.2760832108       46.8581664131       47.4475713208    
   48.0443900295       48.6487157935       49.2606430397       49.8802673832    
   50.5076856415       51.1429958499       51.7862972770       52.4376904400    
   53.0972771202       53.7651603796       54.4414445762       55.1262353807    
   55.8196397932       56.5217661595       57.2327241883       57.9526249682    
   58.6815809852       59.4197061401       60.1671157665       60.9239266487    
   61.6902570399       62.4662266807       63.2519568181       64.0475702240    
   64.8531912145       65.6689456696       66.4949610526       67.3313664300    
   68.1782924920       69.0358715724       69.9042376697       70.7835264678    
   71.6738753576       72.5754234576       73.4883116368       74.4126825357    
   75.3486805891       76.2964520487       77.2561450057       78.2279094140    
   79.2118971139       80.2082618553       81.2171593224       82.2387471574    
   83.2731849854       84.3206344395       85.3812591859       86.4552249492    
   87.5426995388       88.6438528748       89.7588570147       90.8878861802    
   92.0311167843       93.1887274592       94.3608990838       95.5478148124    
   96.7496601030       97.9666227464       99.1988928953       100.446663095    
   101.710128311       102.989485963       104.284935954       105.596680699    
   106.924925162       108.269876884       109.631746016       111.010745353    
   112.407090366       113.820999237       115.252692892       116.702395037    
