   0.00000000D+00   0.00000000D+00
   6.00582181D-06   7.93258484D-05
   1.21452358D-05   1.60398477D-04
   1.84212136D-05   2.43255945D-04
   2.48367929D-05   3.27937124D-04
   3.13950790D-05   4.14481712D-04
   3.80992462D-05   5.02930253D-04
   4.49525394D-05   5.93324149D-04
   5.19582758D-05   6.85705684D-04
   5.91198463D-05   7.80118036D-04
   6.64407173D-05   8.76605298D-04
   7.39244321D-05   9.75212495D-04
   8.15746130D-05   1.07598560D-03
   8.93949629D-05   1.17897157D-03
   9.73892670D-05   1.28421833D-03
   1.05561395D-04   1.39177483D-03
   1.13915301D-04   1.50169104D-03
   1.22455031D-04   1.61401798D-03
   1.31184716D-04   1.72880775D-03
   1.40108582D-04   1.84611352D-03
   1.49230949D-04   1.96598959D-03
   1.58556232D-04   2.08849138D-03
   1.68088944D-04   2.21367547D-03
   1.77833700D-04   2.34159963D-03
   1.87795217D-04   2.47232280D-03
   1.97978315D-04   2.60590517D-03
   2.08387924D-04   2.74240816D-03
   2.19029081D-04   2.88189446D-03
   2.29906939D-04   3.02442807D-03
   2.41026761D-04   3.17007429D-03
   2.52393930D-04   3.31889976D-03
   2.64013948D-04   3.47097250D-03
   2.75892439D-04   3.62636192D-03
   2.88035153D-04   3.78513884D-03
   3.00447967D-04   3.94737552D-03
   3.13136889D-04   4.11314571D-03
   3.26108060D-04   4.28252464D-03
   3.39367759D-04   4.45558906D-03
   3.52922404D-04   4.63241730D-03
   3.66778556D-04   4.81308923D-03
   3.80942921D-04   4.99768635D-03
   3.95422355D-04   5.18629178D-03
   4.10223866D-04   5.37899033D-03
   4.25354619D-04   5.57586846D-03
   4.40821938D-04   5.77701439D-03
   4.56633308D-04   5.98251807D-03
   4.72796382D-04   6.19247124D-03
   4.89318985D-04   6.40696743D-03
   5.06209113D-04   6.62610202D-03
   5.23474941D-04   6.84997228D-03
   5.41124826D-04   7.07867734D-03
   5.59167312D-04   7.31231831D-03
   5.77611131D-04   7.55099821D-03
   5.96465211D-04   7.79482208D-03
   6.15738676D-04   8.04389700D-03
   6.35440856D-04   8.29833206D-03
   6.55581287D-04   8.55823849D-03
   6.76169718D-04   8.82372958D-03
   6.97216113D-04   9.09492083D-03
   7.18730660D-04   9.37192987D-03
   7.40723772D-04   9.65487656D-03
   7.63206094D-04   9.94388302D-03
   7.86188507D-04   1.02390736D-02
   8.09682137D-04   1.05405751D-02
   8.33698354D-04   1.08485164D-02
   8.58248782D-04   1.11630289D-02
   8.83345305D-04   1.14842465D-02
   9.09000069D-04   1.18123054D-02
   9.35225492D-04   1.21473442D-02
   9.62034268D-04   1.24895041D-02
   9.89439373D-04   1.28389288D-02
   1.01745407D-03   1.31957646D-02
   1.04609192D-03   1.35601603D-02
   1.07536679D-03   1.39322672D-02
   1.10529284D-03   1.43122395D-02
   1.13588455D-03   1.47002338D-02
   1.16715675D-03   1.50964095D-02
   1.19912455D-03   1.55009288D-02
   1.23180344D-03   1.59139564D-02
   1.26520923D-03   1.63356600D-02
   1.29935810D-03   1.67662099D-02
   1.33426656D-03   1.72057793D-02
   1.36995152D-03   1.76545442D-02
   1.40643025D-03   1.81126833D-02
   1.44372040D-03   1.85803783D-02
   1.48184003D-03   1.90578139D-02
   1.52080758D-03   1.95451773D-02
   1.56064192D-03   2.00426589D-02
   1.60136232D-03   2.05504518D-02
   1.64298850D-03   2.10687523D-02
   1.68554061D-03   2.15977593D-02
   1.72903923D-03   2.21376748D-02
   1.77350543D-03   2.26887035D-02
   1.81896072D-03   2.32510534D-02
   1.86542711D-03   2.38249350D-02
   1.91292709D-03   2.44105619D-02
   1.96148365D-03   2.50081506D-02
   2.01112030D-03   2.56179205D-02
   2.06186104D-03   2.62400936D-02
   2.11373046D-03   2.68748950D-02
   2.16675364D-03   2.75225526D-02
   2.22095627D-03   2.81832970D-02
   2.27636456D-03   2.88573614D-02
   2.33300535D-03   2.95449819D-02
   2.39090604D-03   3.02463973D-02
   2.45009466D-03   3.09618487D-02
   2.51059986D-03   3.16915801D-02
   2.57245092D-03   3.24358377D-02
   2.63567779D-03   3.31948704D-02
   2.70031106D-03   3.39689292D-02
   2.76638202D-03   3.47582675D-02
   2.83392264D-03   3.55631408D-02
   2.90296563D-03   3.63838067D-02
   2.97354439D-03   3.72205249D-02
   3.04569309D-03   3.80735568D-02
   3.11944666D-03   3.89431657D-02
   3.19484078D-03   3.98296163D-02
   3.27191195D-03   4.07331750D-02
   3.35069748D-03   4.16541094D-02
   3.43123549D-03   4.25926885D-02
   3.51356497D-03   4.35491819D-02
   3.59772578D-03   4.45238605D-02
   3.68375864D-03   4.55169954D-02
   3.77170519D-03   4.65288585D-02
   3.86160801D-03   4.75597216D-02
   3.95351061D-03   4.86098568D-02
   4.04745747D-03   4.96795357D-02
   4.14349406D-03   5.07690293D-02
   4.24166687D-03   5.18786083D-02
   4.34202342D-03   5.30085417D-02
   4.44461227D-03   5.41590975D-02
   4.54948309D-03   5.53305419D-02
   4.65668664D-03   5.65231390D-02
   4.76627479D-03   5.77371506D-02
   4.87830060D-03   5.89728356D-02
   4.99281829D-03   6.02304498D-02
   5.10988329D-03   6.15102454D-02
   5.22955225D-03   6.28124703D-02
   5.35188311D-03   6.41373684D-02
   5.47693506D-03   6.54851782D-02
   5.60476865D-03   6.68561327D-02
   5.73544573D-03   6.82504592D-02
   5.86902958D-03   6.96683780D-02
   6.00558483D-03   7.11101026D-02
   6.14517758D-03   7.25758383D-02
   6.28787541D-03   7.40657824D-02
   6.43374738D-03   7.55801228D-02
   6.58286409D-03   7.71190375D-02
   6.73529772D-03   7.86826944D-02
   6.89112205D-03   8.02712496D-02
   7.05041251D-03   8.18848474D-02
   7.21324619D-03   8.35236190D-02
   7.37970190D-03   8.51876819D-02
   7.54986022D-03   8.68771389D-02
   7.72380351D-03   8.85920769D-02
   7.90161595D-03   9.03325666D-02
   8.08338361D-03   9.20986606D-02
   8.26919448D-03   9.38903932D-02
   8.45913848D-03   9.57077784D-02
   8.65330756D-03   9.75508097D-02
   8.85179569D-03   9.94194582D-02
   9.05469894D-03   1.01313672D-01
   9.26211554D-03   1.03233373D-01
   9.47414586D-03   1.05178460D-01
   9.69089254D-03   1.07148802D-01
   9.91246049D-03   1.09144240D-01
   1.01389569D-02   1.11164585D-01
   1.03704915D-02   1.13209616D-01
   1.06071763D-02   1.15279078D-01
   1.08491259D-02   1.17372683D-01
   1.10964573D-02   1.19490105D-01
   1.13492904D-02   1.21630980D-01
   1.16077474D-02   1.23794902D-01
   1.18719534D-02   1.25981427D-01
   1.21420364D-02   1.28190064D-01
   1.24181271D-02   1.30420277D-01
   1.27003590D-02   1.32671484D-01
   1.29888689D-02   1.34943050D-01
   1.32837963D-02   1.37234292D-01
   1.35852841D-02   1.39544469D-01
   1.38934780D-02   1.41872786D-01
   1.42085274D-02   1.44218391D-01
   1.45305846D-02   1.46580368D-01
   1.48598056D-02   1.48957740D-01
   1.51963497D-02   1.51349464D-01
   1.55403799D-02   1.53754429D-01
   1.58920626D-02   1.56171454D-01
   1.62515680D-02   1.58599285D-01
   1.66190702D-02   1.61036592D-01
   1.69947471D-02   1.63481967D-01
   1.73787804D-02   1.65933922D-01
   1.77713560D-02   1.68390886D-01
   1.81726641D-02   1.70851199D-01
   1.85828987D-02   1.73313116D-01
   1.90022585D-02   1.75774799D-01
   1.94309465D-02   1.78234316D-01
   1.98691701D-02   1.80689636D-01
   2.03171415D-02   1.83138632D-01
   2.07750774D-02   1.85579072D-01
   2.12431996D-02   1.88008619D-01
   2.17217345D-02   1.90424830D-01
   2.22109139D-02   1.92825150D-01
   2.27109745D-02   1.95206911D-01
   2.32221584D-02   1.97567329D-01
   2.37447129D-02   1.99903503D-01
   2.42788910D-02   2.02212411D-01
   2.48249512D-02   2.04490907D-01
   2.53831579D-02   2.06735720D-01
   2.59537812D-02   2.08943454D-01
   2.65370974D-02   2.11110581D-01
   2.71333887D-02   2.13233442D-01
   2.77429437D-02   2.15308245D-01
   2.83660576D-02   2.17331065D-01
   2.90030319D-02   2.19297839D-01
   2.96541749D-02   2.21204367D-01
   3.03198018D-02   2.23046313D-01
   3.10002348D-02   2.24819199D-01
   3.16958032D-02   2.26518410D-01
   3.24068436D-02   2.28139192D-01
   3.31337003D-02   2.29676650D-01
   3.38767250D-02   2.31125751D-01
   3.46362774D-02   2.32481324D-01
   3.54127251D-02   2.33738063D-01
   3.62064439D-02   2.34890525D-01
   3.70178181D-02   2.35933135D-01
   3.78472403D-02   2.36860188D-01
   3.86951119D-02   2.37665851D-01
   3.95618435D-02   2.38344170D-01
   4.04478544D-02   2.38889068D-01
   4.13535736D-02   2.39294357D-01
   4.22794394D-02   2.39553737D-01
   4.32259000D-02   2.39660808D-01
   4.41934134D-02   2.39609071D-01
   4.51824480D-02   2.39391940D-01
   4.61934824D-02   2.39002747D-01
   4.72270061D-02   2.38434755D-01
   4.82835193D-02   2.37681161D-01
   4.93635333D-02   2.36735116D-01
   5.04675709D-02   2.35589730D-01
   5.15961665D-02   2.34238085D-01
   5.27498663D-02   2.32673251D-01
   5.39292288D-02   2.30888300D-01
   5.51348248D-02   2.28876321D-01
   5.63672378D-02   2.26630434D-01
   5.76270643D-02   2.24143815D-01
   5.89149141D-02   2.21409706D-01
   6.02314106D-02   2.18421440D-01
   6.15771909D-02   2.15172463D-01
   6.29529065D-02   2.11656353D-01
   6.43592232D-02   2.07866843D-01
   6.57968217D-02   2.03797852D-01
   6.72663979D-02   1.99443501D-01
   6.87686629D-02   1.94798150D-01
   7.03043441D-02   1.89856419D-01
   7.18741846D-02   1.84613221D-01
   7.34789443D-02   1.79063789D-01
   7.51193999D-02   1.73203715D-01
   7.67963454D-02   1.67028975D-01
   7.85105926D-02   1.60535966D-01
   8.02629711D-02   1.53721544D-01
   8.20543292D-02   1.46583055D-01
   8.38855338D-02   1.39118376D-01
   8.57574714D-02   1.31325949D-01
   8.76710479D-02   1.23204824D-01
   8.96271896D-02   1.14754695D-01
   9.16268433D-02   1.05975942D-01
   9.36709769D-02   9.68696706D-02
   9.57605798D-02   8.74377517D-02
   9.78966633D-02   7.76828646D-02
   1.00080261D-01   6.76085367D-02
   1.02312431D-01   5.72191850D-02
   1.04594252D-01   4.65201567D-02
   1.06926830D-01   3.55177694D-02
   1.09311293D-01   2.42193508D-02
   1.11748796D-01   1.26332775D-02
   1.14240518D-01   7.69012295D-04
   1.16787665D-01  -1.13628593D-02
   1.19391471D-01  -2.37505945D-02
   1.22053195D-01  -3.63812605D-02
   1.24774126D-01  -4.92407039D-02
   1.27555580D-01  -6.23135225D-02
   1.30398905D-01  -7.55830399D-02
   1.33305476D-01  -8.90312834D-02
   1.36276700D-01  -1.02638965D-01
   1.39314015D-01  -1.16385465D-01
   1.42418892D-01  -1.30248823D-01
   1.45592833D-01  -1.44205730D-01
   1.48837374D-01  -1.58231524D-01
   1.52154087D-01  -1.72300198D-01
   1.55544575D-01  -1.86384401D-01
   1.59010481D-01  -2.00455460D-01
   1.62553482D-01  -2.14483390D-01
   1.66175292D-01  -2.28436930D-01
   1.69877665D-01  -2.42283569D-01
   1.73662393D-01  -2.55989585D-01
   1.77531308D-01  -2.69520094D-01
   1.81486282D-01  -2.82839102D-01
   1.85529230D-01  -2.95909566D-01
   1.89662108D-01  -3.08693459D-01
   1.93886916D-01  -3.21151850D-01
   1.98205701D-01  -3.33244987D-01
   2.02620552D-01  -3.44932383D-01
   2.07133606D-01  -3.56172920D-01
   2.11747047D-01  -3.66924954D-01
   2.16463108D-01  -3.77146428D-01
   2.21284073D-01  -3.86794992D-01
   2.26212274D-01  -3.95828135D-01
   2.31250097D-01  -4.04203319D-01
   2.36399980D-01  -4.11878120D-01
   2.41664416D-01  -4.18810376D-01
   2.47045953D-01  -4.24958344D-01
   2.52547195D-01  -4.30280859D-01
   2.58170807D-01  -4.34737498D-01
   2.63919508D-01  -4.38288750D-01
   2.69796083D-01  -4.40896193D-01
   2.75803374D-01  -4.42522663D-01
   2.81944291D-01  -4.43132444D-01
   2.88221805D-01  -4.42691440D-01
   2.94638955D-01  -4.41167368D-01
   3.01198846D-01  -4.38529935D-01
   3.07904654D-01  -4.34751023D-01
   3.14759624D-01  -4.29804876D-01
   3.21767075D-01  -4.23668279D-01
   3.28930399D-01  -4.16320738D-01
   3.36253061D-01  -4.07744654D-01
   3.43738608D-01  -3.97925499D-01
   3.51390661D-01  -3.86851980D-01
   3.59212925D-01  -3.74516203D-01
   3.67209186D-01  -3.60913825D-01
   3.75383314D-01  -3.46044202D-01
   3.83739265D-01  -3.29910529D-01
   3.92281084D-01  -3.12519967D-01
   4.01012906D-01  -2.93883765D-01
   4.09938957D-01  -2.74017362D-01
   4.19063556D-01  -2.52940487D-01
   4.28391121D-01  -2.30677238D-01
   4.37926167D-01  -2.07256147D-01
   4.47673308D-01  -1.82710236D-01
   4.57637263D-01  -1.57077044D-01
   4.67822853D-01  -1.30398650D-01
   4.78235010D-01  -1.02721668D-01
   4.88878772D-01  -7.40972230D-02
   4.99759292D-01  -4.45809059D-02
   5.10881835D-01  -1.42327101D-02
   5.22251787D-01   1.68830612D-02
   5.33874649D-01   4.86979088D-02
   5.45756047D-01   8.11392779D-02
   5.57901733D-01   1.14130724D-01
   5.70317585D-01   1.47592108D-01
   5.83009612D-01   1.81439812D-01
   5.95983958D-01   2.15586996D-01
   6.09246902D-01   2.49943867D-01
   6.22804865D-01   2.84417986D-01
   6.36664408D-01   3.18914603D-01
   6.50832240D-01   3.53337011D-01
   6.65315218D-01   3.87586934D-01
   6.80120352D-01   4.21564937D-01
   6.95254808D-01   4.55170857D-01
   7.10725912D-01   4.88304254D-01
   7.26541152D-01   5.20864888D-01
   7.42708182D-01   5.52753205D-01
   7.59234829D-01   5.83870832D-01
   7.76129091D-01   6.14121095D-01
   7.93399145D-01   6.43409525D-01
   8.11053350D-01   6.71644382D-01
   8.29100252D-01   6.98737160D-01
   8.47548585D-01   7.24603099D-01
   8.66407279D-01   7.49161672D-01
   8.85685461D-01   7.72337066D-01
   9.05392464D-01   7.94058635D-01
   9.25537824D-01   8.14261325D-01
   9.46131294D-01   8.32886077D-01
   9.67182840D-01   8.49880184D-01
   9.88702653D-01   8.65197617D-01
   1.01070115D+00   8.78799307D-01
   1.03318897D+00   8.90653375D-01
   1.05617701D+00   9.00735324D-01
   1.07967639D+00   9.09028170D-01
   1.10369848D+00   9.15522525D-01
   1.12825492D+00   9.20216632D-01
   1.15335759D+00   9.23116333D-01
   1.17901863D+00   9.24234998D-01
   1.20525047D+00   9.23593393D-01
   1.23206581D+00   9.21219498D-01
   1.25947762D+00   9.17148276D-01
   1.28749918D+00   9.11421399D-01
   1.31614404D+00   9.04086926D-01
   1.34542607D+00   8.95198946D-01
   1.37535944D+00   8.84817177D-01
   1.40595864D+00   8.73006546D-01
   1.43723849D+00   8.59836728D-01
   1.46921412D+00   8.45381673D-01
   1.50190101D+00   8.29719109D-01
   1.53531498D+00   8.12930035D-01
   1.56947220D+00   7.95098201D-01
   1.60438921D+00   7.76309590D-01
   1.64008290D+00   7.56651894D-01
   1.67657056D+00   7.36214000D-01
   1.71386984D+00   7.15085478D-01
   1.75199879D+00   6.93356086D-01
   1.79097588D+00   6.71115289D-01
   1.83081997D+00   6.48451793D-01
   1.87155034D+00   6.25453103D-01
   1.91318671D+00   6.02205104D-01
   1.95574923D+00   5.78791661D-01
   1.99925850D+00   5.55294253D-01
   2.04373558D+00   5.31791634D-01
   2.08920200D+00   5.08359514D-01
   2.13567976D+00   4.85070281D-01
   2.18319137D+00   4.61992747D-01
   2.23175981D+00   4.39191923D-01
   2.28140860D+00   4.16728831D-01
   2.33216177D+00   3.94660337D-01
   2.38404388D+00   3.73039022D-01
   2.43708004D+00   3.51913080D-01
   2.49129593D+00   3.31326246D-01
   2.54671779D+00   3.11317750D-01
   2.60337243D+00   2.91922300D-01
   2.66128730D+00   2.73170096D-01
   2.72049040D+00   2.55086866D-01
   2.78101041D+00   2.37693926D-01
   2.84287661D+00   2.21008269D-01
   2.90611895D+00   2.05042677D-01
   2.97076804D+00   1.89805843D-01
   3.03685517D+00   1.75302535D-01
   3.10441233D+00   1.61533756D-01
   3.17347221D+00   1.48496935D-01
   3.24406825D+00   1.36186135D-01
   3.31623461D+00   1.24592261D-01
   3.39000623D+00   1.13703298D-01
   3.46541880D+00   1.03504542D-01
   3.54250884D+00   9.39788540D-02
   3.62131364D+00   8.51069063D-02
   3.70187137D+00   7.68674435D-02
   3.78422101D+00   6.92375385D-02
   3.86840241D+00   6.21928496D-02
   3.95445632D+00   5.57078753D-02
   4.04242440D+00   4.97562034D-02
   4.13234923D+00   4.43107537D-02
   4.22427432D+00   3.93440114D-02
   4.31824417D+00   3.48282501D-02
   4.41430427D+00   3.07357422D-02
   4.51250111D+00   2.70389556D-02
   4.61288222D+00   2.37107355D-02
   4.71549618D+00   2.07244697D-02
   4.82039267D+00   1.80542375D-02
   4.92762245D+00   1.56749406D-02
   5.03723742D+00   1.35624162D-02
   5.14929065D+00   1.16935328D-02
   5.26383637D+00   1.00462672D-02
   5.38093002D+00   8.59976510D-03
   5.50062827D+00   7.33438407D-03
   5.62298907D+00   6.23172123D-03
   5.74807163D+00   5.27462541D-03
   5.87593650D+00   4.44719562D-03
   6.00664557D+00   3.73476679D-03
   6.14026211D+00   3.12388420D-03
   6.27685078D+00   2.60226800D-03
   6.41647770D+00   2.15876916D-03
   6.55921046D+00   1.78331849D-03
   6.70511813D+00   1.46686994D-03
   6.85427133D+00   1.20133969D-03
   7.00674227D+00   9.79542322D-04
   7.16260474D+00   7.95125204D-04
   7.32193419D+00   6.42502350D-04
   7.48480772D+00   5.16788645D-04
   7.65130417D+00   4.13735360D-04
   7.82150414D+00   3.29667708D-04
   7.99549000D+00   2.61425058D-04
   8.17334596D+00   2.06304312D-04
   8.35515811D+00   1.62006802D-04
   8.54101445D+00   1.26588989D-04
   8.73100495D+00   9.84170960D-05
   8.92522154D+00   7.61257493D-05
   9.12375825D+00   5.85805956D-05
   9.32671117D+00   4.48448024D-05
   9.53417853D+00   3.41492905D-05
   9.74626075D+00   2.58665002D-05
   9.96306048D+00   1.94874591D-05
   1.01846827D+01   1.46018977D-05
   1.04112345D+01   1.08811455D-05
   1.06428258D+01   8.06353303D-06
   1.08795685D+01   5.94203374D-06
   1.11215773D+01   4.35388069D-06
   1.13689693D+01   3.17191226D-06
   1.16218642D+01   2.29741381D-06
   1.18803845D+01   1.65424269D-06
   1.21446552D+01   1.18404346D-06
   1.24148043D+01   8.42380835D-07
   1.26909625D+01   5.95638187D-07
   1.29732635D+01   4.18548836D-07
   1.32618440D+01   2.92245958D-07
   1.35568436D+01   2.02733608D-07
   1.38584051D+01   1.39696749D-07
   1.41666745D+01   9.55817649D-08
   1.44818010D+01   6.48905592D-08
   1.48039371D+01   4.36416549D-08
   1.51332386D+01   2.89584463D-08
   1.54698652D+01   1.87576829D-08
   1.58139795D+01   1.14766356D-08

