   1.7321591186399999E-006   2.0310651218299999E-006
   3.4861061168099999E-006   4.0876778978599998E-006
   5.2621150523000004E-006   6.1701596780100004E-006
   7.0604634301200001E-006   8.2788358542700003E-006
   8.8814322458600004E-006   1.0414035911600000E-005
   1.0725306029600000E-005   1.2576093479300001E-005
   1.2592372890400001E-005   1.4765346383200001E-005
   1.4482924561199999E-005   1.6982136698600001E-005
   1.6397256444600001E-005   1.9226810803400001E-005
   1.8335667658800001E-005   2.1499719432499999E-005
   2.0298461084600000E-005   2.3801217732500000E-005
   2.2285943412299999E-005   2.6131665317199998E-005
   2.4298425190200001E-005   2.8491426323600000E-005
   2.6336220872600002E-005   3.0880869469300000E-005
   2.8399648869300000E-005   3.3300368109600002E-005
   3.0489031594999998E-005   3.5750300295899998E-005
   3.2604695520000000E-005   3.8231048835199997E-005
   3.4746971221300000E-005   4.0743001349400002E-005
   3.6916193433599999E-005   4.3286550336199997E-005
   3.9112701102400000E-005   4.5862093230300002E-005
   4.1336837436500000E-005   4.8470032465300002E-005
   4.3588949961699998E-005   5.1110775537200001E-005
   4.5869390575099997E-005   5.3784735067300003E-005
   4.8178515600300002E-005   5.6492328867200000E-005
   5.0516685842699997E-005   5.9233980003800001E-005
   5.2884266646199997E-005   6.2010116865799994E-005
   5.5281627950100001E-005   6.4821173230000001E-005
   5.7709144347000003E-005   6.7667588329699995E-005
   6.0167195141200001E-005   7.0549806922900004E-005
   6.2656164408299994E-005   7.3468279362199994E-005
   6.5176441054700006E-005   7.6423461664699996E-005
   6.7728418878699995E-005   7.9415815583499998E-005
   7.0312496632100001E-005   8.2445808680100004E-005
   7.2929078082300004E-005   8.5513914396799997E-005
   7.5578572075499996E-005   8.8620612131400000E-005
   7.8261392600500004E-005   9.1766387311600003E-005
   8.0977958853499998E-005   9.4951731471000001E-005
   8.3728695303400002E-005   9.8177142326199998E-005
   8.6514031758499997E-005   1.0144312385400000E-004
   8.9334403433199996E-005   1.0475018637100000E-004
   9.2190251016300000E-005   1.0809884661099999E-004
   9.5082020739900000E-005   1.1148962780999999E-004
   9.8010164448800001E-005   1.1492305978400000E-004
   1.0097513967100000E-004   1.1839967901400000E-004
   1.0397740969099999E-004   1.2192002872800000E-004
   1.0701744361900000E-004   1.2548465898800000E-004
   1.1009571646599999E-004   1.2909412677500001E-004
   1.1321270921900000E-004   1.3274899607500001E-004
   1.1636890891499999E-004   1.3644983796800000E-004
   1.1956480871500001E-004   1.4019723071999999E-004
   1.2280090798600000E-004   1.4399175986600001E-004
   1.2607771237499999E-004   1.4783401831000001E-004
   1.2939573388900000E-004   1.5172460641199999E-004
   1.3275549097600001E-004   1.5566413208499999E-004
   1.3615750860400001E-004   1.5965321088700000E-004
   1.3960231834700000E-004   1.6369246612000000E-004
   1.4309045846200001E-004   1.6778252892499999E-004
   1.4662247397800000E-004   1.7192403838200000E-004
   1.5019891677999999E-004   1.7611764161100000E-004
   1.5382034569500001E-004   1.8036399387000001E-004
   1.5748732657800001E-004   1.8466375866000001E-004
   1.6120043240199999E-004   1.8901760782900001E-004
   1.6496024334800000E-004   1.9342622167200000E-004
   1.6876734689399999E-004   1.9789028904599999E-004
   1.7262233790700000E-004   2.0241050746800000E-004
   1.7652581873800000E-004   2.0698758323300001E-004
   1.8047839931300001E-004   2.1162223151700000E-004
   1.8448069723200000E-004   2.1631517649300000E-004
   1.8853333786100001E-004   2.2106715144200000E-004
   1.9263695443400000E-004   2.2587889887100001E-004
   1.9679218814900001E-004   2.3075117062400000E-004
   2.0099968826900000E-004   2.3568472800199999E-004
   2.0526011222699999E-004   2.4068034188500000E-004
   2.0957412572000000E-004   2.4573879284500000E-004
   2.1394240282300001E-004   2.5086087127600002E-004
   2.1836562608800001E-004   2.5604737751199998E-004
   2.2284448665300000E-004   2.6129912195599998E-004
   2.2737968434800000E-004   2.6661692520100002E-004
   2.3197192780699999E-004   2.7200161816600001E-004
   2.3662193457900000E-004   2.7745404221799999E-004
   2.4133043123499999E-004   2.8297504930900001E-004
   2.4609815348800002E-004   2.8856550210699998E-004
   2.5092584630500002E-004   2.9422627413200000E-004
   2.5581426402099998E-004   2.9995824988800001E-004
   2.6076417046300002E-004   3.0576232500900002E-004
   2.6577633906399998E-004   3.1163940639200002E-004
   2.7085155298400002E-004   3.1759041234300000E-004
   2.7599060523700000E-004   3.2361627271600000E-004
   2.8119429880900002E-004   3.2971792906399998E-004
   2.8646344678899999E-004   3.3589633478200000E-004
   2.9179887249099998E-004   3.4215245525800000E-004
   2.9720140958699998E-004   3.4848726802200002E-004
   3.0267190223399998E-004   3.5490176289900002E-004
   3.0821120520700001E-004   3.6139694216800002E-004
   3.1382018403499999E-004   3.6797382071200000E-004
   3.1949971513099999E-004   3.7463342617900000E-004
   3.2525068593299998E-004   3.8137679914599997E-004
   3.3107399504399997E-004   3.8820499327700000E-004
   3.3697055236500001E-004   3.9511907548900002E-004
   3.4294127924700002E-004   4.0212012612099999E-004
   3.4898710862800003E-004   4.0920923909899999E-004
   3.5510898518100001E-004   4.1638752210999998E-004
   3.6130786546199997E-004   4.2365609677300000E-004
   3.6758471805699999E-004   4.3101609881699999E-004
   3.7394052373899999E-004   4.3846867825499998E-004
   3.8037627561499998E-004   4.4601499956500000E-004
   3.8689297928300002E-004   4.5365624187399998E-004
   3.9349165299299999E-004   4.6139359913800000E-004
   4.0017332780100003E-004   4.6922828033400002E-004
   4.0693904773100002E-004   4.7716150964500001E-004
   4.1378986994100001E-004   4.8519452665000002E-004
   4.2072686488699997E-004   4.9332858652300000E-004
   4.2775111648800000E-004   5.0156496022500001E-004
   4.3486372229599999E-004   5.0990493470300005E-004
   4.4206579367299999E-004   5.1834981309199996E-004
   4.4935845595500001E-004   5.2690091491800004E-004
   4.5674284863600001E-004   5.3555957630600001E-004
   4.6422012554299998E-004   5.4432715018599997E-004
   4.7179145501500001E-004   5.5320500650600003E-004
   4.7945802008799999E-004   5.6219453244599996E-004
   4.8722101867799999E-004   5.7129713263299998E-004
   4.9508166376900002E-004   5.8051422936399998E-004
   5.0304118360400003E-004   5.8984726282500005E-004
   5.1110082187399996E-004   5.9929769131700000E-004
   5.1926183791299997E-004   6.0886699148500001E-004
   5.2752550689700000E-004   6.1855665854800002E-004
   5.3589312004000004E-004   6.2836820653000005E-004
   5.4436598480000001E-004   6.3830316850100005E-004
   5.5294542507899999E-004   6.4836309681399996E-004
   5.6163278143200001E-004   6.5854956335000003E-004
   5.7042941127499996E-004   6.6886415975699997E-004
   5.7933668910099996E-004   6.7930849770800003E-004
   5.8835600668900000E-004   6.8988420914599998E-004
   5.9748877332599999E-004   7.0059294654000002E-004
   6.0673641602599997E-004   7.1143638314799995E-004
   6.1610037975199999E-004   7.2241621327099996E-004
   6.2558212764100005E-004   7.3353415252299997E-004
   6.3518314123699995E-004   7.4479193809799996E-004
   6.4490492071700000E-004   7.5619132904000002E-004
   6.5474898512999995E-004   7.6773410652099998E-004
   6.6471687262899997E-004   7.7942207411399998E-004
   6.7481014071800005E-004   7.9125705807999997E-004
   6.8503036649099997E-004   8.0324090764999996E-004
   6.9537914687799998E-004   8.1537549531700000E-004
   7.0585809889800000E-004   8.2766271712600003E-004
   7.1646885990899996E-004   8.4010449296899998E-004
   7.2721308786200000E-004   8.5270276688999996E-004
   7.3809246156600003E-004   8.6545950738499996E-004
   7.4910868094500000E-004   8.7837670770800000E-004
   7.6026346730599995E-004   8.9145638618799998E-004
   7.7155856360599997E-004   9.0470058653900002E-004
   7.8299573472700003E-004   9.1811137818299999E-004
   7.9457676775199996E-004   9.3169085656899997E-004
   8.0630347223900004E-004   9.4544114350700000E-004
   8.1817768051000003E-004   9.5936438749099999E-004
   8.3020124793500003E-004   9.7346276404500004E-004
   8.4237605321999995E-004   9.8773847605099999E-004
   8.5470399870300002E-004   1.0021937541100001E-003
   8.6718701065100000E-004   1.0168308568600001E-003
   8.7982703955899997E-004   1.0316520713700001E-003
   8.9262606045899999E-004   1.0466597134600000E-003
   9.0558607322300004E-004   1.0618561280999999E-003
   9.1870910287999996E-004   1.0772436897300000E-003
   9.3199719992899995E-004   1.0928248026700000E-003
   9.4545244066299996E-004   1.1086019014899999E-003
   9.5907692748999995E-004   1.1245774513600000E-003
   9.7287278926499999E-004   1.1407539484800000E-003
   9.8684218161899993E-004   1.1571339204300001E-003
   1.0009872873000000E-003   1.1737199266000000E-003
   1.0153103165000000E-003   1.1905145585500000E-003
   1.0298135072400001E-003   1.2075204404600000E-003
   1.0444991256499999E-003   1.2247402294999999E-003
   1.0593694664099999E-003   1.2421766162700001E-003
   1.0744268530200000E-003   1.2598323252200000E-003
   1.0896736382399999E-003   1.2777101150500000E-003
   1.1051122044199999E-003   1.2958127791800000E-003
   1.1207449638499999E-003   1.3141431461499999E-003
   1.1365743591800000E-003   1.3327040800800000E-003
   1.1526028638000000E-003   1.3514984811300000E-003
   1.1688329821900000E-003   1.3705292859200000E-003
   1.1852672503300000E-003   1.3897994680100001E-003
   1.2019082361200001E-003   1.4093120383799999E-003
   1.2187585397400000E-003   1.4290700458500000E-003
   1.2358207940900000E-003   1.4490765776200001E-003
   1.2530976651799999E-003   1.4693347597000000E-003
   1.2705918525600000E-003   1.4898477574300001E-003
   1.2883060897200000E-003   1.5106187759600001E-003
   1.3062431445599999E-003   1.5316510607500001E-003
   1.3244058197700000E-003   1.5529478981000000E-003
   1.3427969533200000E-003   1.5745126156100000E-003
   1.3614194188400000E-003   1.5963485827700000E-003
   1.3802761261499999E-003   1.6184592114400001E-003
   1.3993700216299999E-003   1.6408479563799999E-003
   1.4187040887500000E-003   1.6635183158100000E-003
   1.4382813484999999E-003   1.6864738319700000E-003
   1.4581048598700001E-003   1.7097180916400001E-003
   1.4781777203000000E-003   1.7332547266999999E-003
   1.4985030662500000E-003   1.7570874147300000E-003
   1.5190840735700001E-003   1.7812198795700001E-003
   1.5399239580900000E-003   1.8056558918699999E-003
   1.5610259760900000E-003   1.8303992697400000E-003
   1.5823934248100000E-003   1.8554538792899999E-003
   1.6040296429399999E-003   1.8808236352700000E-003
   1.6259380111900000E-003   1.9065125016700000E-003
   1.6481219527899999E-003   1.9325244923300000E-003
   1.6705849340199999E-003   1.9588636715700001E-003
   1.6933304647799999E-003   1.9855341548399999E-003
   1.7163620990900000E-003   2.0125401093600000E-003
   1.7396834357000001E-003   2.0398857547499999E-003
   1.7632981186100000E-003   2.0675753637099999E-003
   1.7872098376700001E-003   2.0956132626700000E-003
   1.8114223291199999E-003   2.1240038325000001E-003
   1.8359393762300000E-003   2.1527515091400002E-003
   1.8607648098199999E-003   2.1818607843399999E-003
   1.8859025089300000E-003   2.2113362063600002E-003
   1.9113564013700001E-003   2.2411823806400000E-003
   1.9371304643599999E-003   2.2714039705500001E-003
   1.9632287251500000E-003   2.3020056981300002E-003
   1.9896552616500002E-003   2.3329923448000001E-003
   2.0164142030600000E-003   2.3643687521100001E-003
   2.0435097305200002E-003   2.3961398225199998E-003
   2.0709460777500002E-003   2.4283105201400000E-003
   2.0987275317499998E-003   2.4608858715099999E-003
   2.1268584334299999E-003   2.4938709664200000E-003
   2.1553431782900001E-003   2.5272709586299999E-003
   2.1841862171300000E-003   2.5610910667699998E-003
   2.2133920567299998E-003   2.5953365750700000E-003
   2.2429652605799998E-003   2.6300128342200001E-003
   2.2729104495300000E-003   2.6651252622400001E-003
   2.3032323025999999E-003   2.7006793452599999E-003
   2.3339355576200002E-003   2.7366806384299999E-003
   2.3650250120500001E-003   2.7731347667499999E-003
   2.3965055236699999E-003   2.8100474259800000E-003
   2.4283820113899998E-003   2.8474243835199999E-003
   2.4606594559599998E-003   2.8852714792799998E-003
   2.4933429008000001E-003   2.9235946266600002E-003
   2.5264374527700002E-003   2.9623998133900000E-003
   2.5599482829599999E-003   3.0016931025299998E-003
   2.5938806275099999E-003   3.0414806333899998E-003
   2.6282397883999999E-003   3.0817686224999998E-003
   2.6630311343300000E-003   3.1225633645599999E-003
   2.6982601015300002E-003   3.1638712334399999E-003
   2.7339321945799998E-003   3.2056986831799999E-003
   2.7700529873199999E-003   3.2480522489900000E-003
   2.8066281237000001E-003   3.2909385482600001E-003
   2.8436633186699999E-003   3.3343642816000001E-003
   2.8811643590399998E-003   3.3783362339200001E-003
   2.9191371044299998E-003   3.4228612754199999E-003
   2.9575874881600001E-003   3.4679463627399999E-003
   2.9965215181699998E-003   3.5135985399699999E-003
   3.0359452780000002E-003   3.5598249398299999E-003
   3.0758649276799999E-003   3.6066327847099999E-003
   3.1162867047299998E-003   3.6540293878400002E-003
   3.1572169251500000E-003   3.7020221544300002E-003
   3.1986619843699998E-003   3.7506185828100002E-003
   3.2406283582500001E-003   3.7998262656000000E-003
   3.2831226041400000E-003   3.8496528909300002E-003
   3.3261513618299998E-003   3.9001062435900001E-003
   3.3697213546700000E-003   3.9511942062799999E-003
   3.4138393905599998E-003   4.0029247608400001E-003
   3.4585123630199999E-003   4.0553059894600004E-003
   3.5037472523000001E-003   4.1083460759899996E-003
   3.5495511264400001E-003   4.1620533071899998E-003
   3.5959311423900001E-003   4.2164360740400003E-003
   3.6428945471300000E-003   4.2715028730200000E-003
   3.6904486787799999E-003   4.3272623074600003E-003
   3.7386009677699999E-003   4.3837230888900004E-003
   3.7873589379900001E-003   4.4408940383900003E-003
   3.8367302079700002E-003   4.4987840879400004E-003
   3.8867224920899998E-003   4.5574022818600001E-003
   3.9373436017300003E-003   4.6167577782000001E-003
   3.9886014465399999E-003   4.6768598501699997E-003
   4.0405040356700003E-003   4.7377178875799997E-003
   4.0930594789999998E-003   4.7993413983099999E-003
   4.1462759884299998E-003   4.8617400098199997E-003
   4.2001618791400004E-003   4.9249234706000003E-003
   4.2547255709199996E-003   4.9889016517300003E-003
   4.3099755894499998E-003   5.0536845484099998E-003
   4.3659205676600003E-003   5.1192822815399998E-003
   4.4225692470700002E-003   5.1857050992400004E-003
   4.4799304791500001E-003   5.2529633785200003E-003
   4.5380132267000004E-003   5.3210676268600002E-003
   4.5968265652799999E-003   5.3900284838400000E-003
   4.6563796845899997E-003   5.4598567228399996E-003
   4.7166818899299998E-003   5.5305632526799998E-003
   4.7777426036299999E-003   5.6021591193500002E-003
   4.8395713665700000E-003   5.6746555077099997E-003
   4.9021778396000004E-003   5.7480637432599999E-003
   4.9655718051099997E-003   5.8223952938800004E-003
   5.0297631685599998E-003   5.8976617716299997E-003
   5.0947619599500003E-003   5.9738749345700001E-003
   5.1605783354900002E-003   6.0510466885900002E-003
   5.2272225791300002E-003   6.1291890892599997E-003
   5.2947051041499996E-003   6.2083143437100001E-003
   5.3630364548399997E-003   6.2884348125199999E-003
   5.4322273081200004E-003   6.3695630117000003E-003
   5.5022884751900003E-003   6.4517116145599998E-003
   5.5732309032600000E-003   6.5348934537799996E-003
   5.6450656772200000E-003   6.6191215233099999E-003
   5.7178040213999998E-003   6.7044089804900002E-003
   5.7914573013200001E-003   6.7907691480300000E-003
   5.8660370254499999E-003   6.8782155161299999E-003
   5.9415548470299999E-003   6.9667617445499999E-003
   6.0180225658699998E-003   7.0564216647800004E-003
   6.0954521302000004E-003   7.1472092821299998E-003
   6.1738556385599998E-003   7.2391387780000004E-003
   6.2532453416500001E-003   7.3322245120200002E-003
   6.3336336442700002E-003   7.4264810242999999E-003
   6.4150331072600000E-003   7.5219230377300004E-003
   6.4974564494500002E-003   7.6185654602299998E-003
   6.5809165496500000E-003   7.7164233870999997E-003
   6.6654264486799997E-003   7.8155121033599995E-003
   6.7509993513900001E-003   7.9158470861300009E-003
   6.8376486287000000E-003   8.0174440070400008E-003
   6.9253878197399997E-003   8.1203187346899994E-003
   7.0142306339499999E-003   8.2244873370800001E-003
   7.1041909531899998E-003   8.3299660841700002E-003
   7.1952828339500001E-003   8.4367714503299999E-003
   7.2875205095200004E-003   8.5449201169999992E-003
   7.3809183922199997E-003   8.6544289752200007E-003
   7.4754910756599999E-003   8.7653151282600008E-003
   7.5712533370199996E-003   8.8775958943399999E-003
   7.6682201393400004E-003   8.9912888092500004E-003
   7.7664066338799997E-003   9.1064116291299999E-003
   7.8658281624900007E-003   9.2229823332100006E-003
   7.9665002599800007E-003   9.3410191266099993E-003
   8.0684386565599998E-003   9.4605404431799996E-003
   8.1716592803300001E-003   9.5815649483399993E-003
   8.2761782597100004E-003   9.7041115420300004E-003
   8.3820119260099996E-003   9.8281993615900003E-003
   8.4891768159600003E-003   9.9538477848100000E-003
   8.5976896742800003E-003   1.0081076432800000E-002
   8.7075674563200003E-003   1.0209905173299999E-002
   8.8188273307300002E-003   1.0340354123500000E-002
   8.9314866820700001E-003   1.0472443653200001E-002
   9.0455631136099994E-003   1.0606194388199999E-002
   9.1610744500099997E-003   1.0741627213199999E-002
   9.2780387401599999E-003   1.0878763275399999E-002
   9.3964742599599999E-003   1.1017623987200000E-002
   9.5163995152099997E-003   1.1158231030400000E-002
   9.6378332444700000E-003   1.1300606358600000E-002
   9.7607944220099996E-003   1.1444772201300000E-002
   9.8853022607699997E-003   1.1590751067200001E-002
   1.0011376215300001E-002   1.1738565747400001E-002
   1.0139035984999999E-002   1.1888239319300000E-002
   1.0268301517000001E-002   1.2039795149999999E-002
   1.0399193009100000E-002   1.2193256899900000E-002
   1.0531730913600001E-002   1.2348648526400000E-002
   1.0665935939600000E-002   1.2505994287800000E-002
   1.0801829057100001E-002   1.2665318746700001E-002
   1.0939431499500000E-002   1.2826646774000000E-002
   1.1078764767700000E-002   1.2990003553000000E-002
   1.1219850632500000E-002   1.3155414582700000E-002
   1.1362711139100000E-002   1.3322905682300001E-002
   1.1507368609699999E-002   1.3492502995100001E-002
   1.1653845647200000E-002   1.3664232992099999E-002
   1.1802165139100000E-002   1.3838122476700000E-002
   1.1952350260500001E-002   1.4014198588600001E-002
   1.2104424478100000E-002   1.4192488807800000E-002
   1.2258411554000001E-002   1.4373020959199999E-002
   1.2414335548800001E-002   1.4555823216499999E-002
   1.2572220826000000E-002   1.4740924107100000E-002
   1.2732092055600001E-002   1.4928352515900000E-002
   1.2893974217600000E-002   1.5118137690300000E-002
   1.3057892606599999E-002   1.5310309244100000E-002
   1.3223872835100001E-002   1.5504897162899999E-002
   1.3391940837799999E-002   1.5701931807799999E-002
   1.3562122875800000E-002   1.5901443920900000E-002
   1.3734445540300001E-002   1.6103464629499999E-002
   1.3908935757100000E-002   1.6308025451100001E-002
   1.4085620790600000E-002   1.6515158298200001E-002
   1.4264528248300001E-002   1.6724895483500000E-002
   1.4445686084700000E-002   1.6937269724200000E-002
   1.4629122606200000E-002   1.7152314147800000E-002
   1.4814866475100000E-002   1.7370062296800000E-002
   1.5002946714300001E-002   1.7590548133700000E-002
   1.5193392711599999E-002   1.7813806046700000E-002
   1.5386234224700000E-002   1.8039870854600001E-002
   1.5581501385399999E-002   1.8268777812400001E-002
   1.5779224704600001E-002   1.8500562616199999E-002
   1.5979435077100000E-002   1.8735261409499999E-002
   1.6182163785900001E-002   1.8972910788100001E-002
   1.6387442508100002E-002   1.9213547805900000E-002
   1.6595303318599999E-002   1.9457209980700000E-002
   1.6805778696400001E-002   1.9703935299600000E-002
   1.7018901528400000E-002   1.9953762225400001E-002
   1.7234705115700001E-002   2.0206729701800000E-002
   1.7453223177900001E-002   2.0462877159900000E-002
   1.7674489859000001E-002   2.0722244523900001E-002
   1.7898539732300000E-002   2.0984872217399999E-002
   1.8125407806099999E-002   2.1250801169500001E-002
   1.8355129529000001E-002   2.1520072820899998E-002
   1.8587740795400001E-002   2.1792729130500000E-002
   1.8823277951400000E-002   2.2068812581500001E-002
   1.9061777799999999E-002   2.2348366188099999E-002
   1.9303277607499999E-002   2.2631433502000000E-002
   1.9547815108600000E-002   2.2918058618799999E-002
   1.9795428512700001E-002   2.3208286185099999E-002
   2.0046156510099999E-002   2.3502161404900000E-002
   2.0300038277500002E-002   2.3799730046700000E-002
   2.0557113484400001E-002   2.4101038450400000E-002
   2.0817422299200000E-002   2.4406133534100000E-002
   2.1081005396000000E-002   2.4715062801500001E-002
   2.1347903959900001E-002   2.5027874349000001E-002
   2.1618159694500001E-002   2.5344616872999999E-002
   2.1891814827700001E-002   2.5665339677000000E-002
   2.2168912118800000E-002   2.5990092679300001E-002
   2.2449494864699999E-002   2.6318926420499999E-002
   2.2733606906999999E-002   2.6651892071000001E-002
   2.3021292639000001E-002   2.6989041439000001E-002
   2.3312597011999999E-002   2.7330426977599999E-002
   2.3607565542900000E-002   2.7676101793600000E-002
   2.3906244321200001E-002   2.8026119654700001E-002
   2.4208680016000000E-002   2.8380534997900001E-002
   2.4514919883599998E-002   2.8739402937599998E-002
   2.4825011774500000E-002   2.9102779273999999E-002
   2.5139004141199999E-002   2.9470720501100001E-002
   2.5456946045700000E-002   2.9843283815299999E-002
   2.5778887167000001E-002   3.0220527123999998E-002
   2.6104877809100001E-002   3.0602509054099999E-002
   2.6434968908700000E-002   3.0989288960599999E-002
   2.6769212043300000E-002   3.1380926936000003E-002
   2.7107659438799999E-002   3.1777483818200003E-002
   2.7450363978600002E-002   3.2179021200399997E-002
   2.7797379210800000E-002   3.2585601439899997E-002
   2.8148759357300001E-002   3.2997287667199997E-002
   2.8504559321899998E-002   3.3414143795200003E-002
   2.8864834699099999E-002   3.3836234529100000E-002
   2.9229641782699999E-002   3.4263625375400002E-002
   2.9599037574600001E-002   3.4696382651699997E-002
   2.9973079793500002E-002   3.5134573496400000E-002
   3.0351826884300000E-002   3.5578265878600003E-002
   3.0735338027100000E-002   3.6027528607899997E-002
   3.1123673146100001E-002   3.6482431344399997E-002
   3.1516892919700001E-002   3.6943044608999998E-002
   3.1915058789099997E-002   3.7409439793400001E-002
   3.2318232968600001E-002   3.7881689170699999E-002
   3.2726478454999999E-002   3.8359865905399998E-002
   3.3139859037499997E-002   3.8844044064699997E-002
   3.3558439307600003E-002   3.9334298628299999E-002
   3.3982284669299999E-002   3.9830705499899997E-002
   3.4411461349399999E-002   4.0333341517500003E-002
   3.4846036407500003E-002   4.0842284464799997E-002
   3.5286077747000003E-002   4.1357613081999998E-002
   3.5731654125100001E-002   4.1879407077399997E-002
   3.6182835164100001E-002   4.2407747138099999E-002
   3.6639691361899998E-002   4.2942714941900002E-002
   3.7102294103300001E-002   4.3484393168900001E-002
   3.7570715670800003E-002   4.4032865512600002E-002
   3.8045029256399999E-002   4.4588216692100002E-002
   3.8525308972299999E-002   4.5150532463900002E-002
   3.9011629863400003E-002   4.5719899633900003E-002
   3.9504067918300002E-002   4.6296406069100002E-002
   4.0002700081400000E-002   4.6880140710199997E-002
   4.0507604264999997E-002   4.7471193583900000E-002
   4.1018859361399998E-002   4.8069655815000001E-002
   4.1536545255200001E-002   4.8675619639099998E-002
   4.2060742835999997E-002   4.9289178415099999E-002
   4.2591534010699997E-002   4.9910426638299997E-002
   4.3129001716400002E-002   5.0539459952800000E-002
   4.3673229933599997E-002   5.1176375164399997E-002
   4.4224303699000003E-002   5.1821270254100001E-002
   4.4782309119200003E-002   5.2474244390900003E-002
   4.5347333383400003E-002   5.3135397945099999E-002
   4.5919464777999998E-002   5.3804832501600001E-002
   4.6498792699600000E-002   5.4482650873700002E-002
   4.7085407669400003E-002   5.5168957115999999E-002
   4.7679401347099998E-002   5.5863856538899997E-002
   4.8280866545600001E-002   5.6567455721399998E-002
   4.8889897244899998E-002   5.7279862525800002E-002
   4.9506588607299999E-002   5.8001186111100000E-002
   5.0131036992200000E-002   5.8731536947100003E-002
   5.0763339970800000E-002   5.9471026828999997E-002
   5.1403596341800001E-002   6.0219768890600003E-002
   5.2051906146500002E-002   6.0977877619800003E-002
   5.2708370684700002E-002   6.1745468871900001E-002
   5.3373092530199999E-002   6.2522659884899995E-002
   5.4046175547299999E-002   6.3309569293399995E-002
   5.4727724906499998E-002   6.4106317143399996E-002
   5.5417847101300002E-002   6.4913024907299999E-002
   5.6116649964699998E-002   6.5729815498100003E-002
   5.6824242685999997E-002   6.6556813284499999E-002
   5.7540735828100001E-002   6.7394144105799997E-002
   5.8266241344399998E-002   6.8241935286800004E-002
   5.9000872596699998E-002   6.9100315652499994E-002
   5.9744744372699998E-002   6.9969415543399999E-002
   6.0497972903700001E-002   7.0849366830600002E-002
   6.1260675883300003E-002   7.1740302930500002E-002
   6.2032972485300000E-002   7.2642358820599995E-002
   6.2814983382800005E-002   7.3555671053799995E-002
   6.3606830766400002E-002   7.4480377774300000E-002
   6.4408638364000001E-002   7.5416618732400006E-002
   6.5220531459599995E-002   7.6364535299900005E-002
   6.6042636913100000E-002   7.7324270485100002E-002
   6.6875083180199996E-002   7.8295968948000005E-002
   6.7718000332399997E-002   7.9279777015799996E-002
   6.8571520077100004E-002   8.0275842697399999E-002
   6.9435775778599995E-002   8.1284315699300003E-002
   7.0310902478600001E-002   8.2305347439999996E-002
   7.1197036917300005E-002   8.3339091065700005E-002
   7.2094317555099999E-002   8.4385701464399998E-002
   7.3002884593900003E-002   8.5445335281699994E-002
   7.3922879999300001E-002   8.6518150934999996E-002
   7.4854447522199996E-002   8.7604308628599997E-002
   7.5797732722099997E-002   8.8703970367999999E-002
   7.6752882989100005E-002   8.9817299975000001E-002
   7.7720047567500006E-002   9.0944463101100007E-002
   7.8699377578700005E-002   9.2085627242999998E-002
   7.9691026045000002E-002   9.3240961755499993E-002
   8.0695147913400003E-002   9.4410637866399999E-002
   8.1711900080100000E-002   9.5594828689599995E-002
   8.2741441414699995E-002   9.6793709238900003E-002
   8.3783932785100004E-002   9.8007456441400007E-002
   8.4839537082600003E-002   9.9236249150500000E-002
   8.5908419247599996E-002  0.10048026815900001     
   8.6990746295199997E-002  0.10173969620999999     
   8.8086687341100006E-002  0.10301471801300000     
   8.9196413628299998E-002  0.10430552025200000     
   9.0320098553799993E-002  0.10561229159900000     
   9.1457917695699997E-002  0.10693522272400000     
   9.2610048840600007E-002  0.10827450630900000     
   9.3776672011200005E-002  0.10963033705399999     
   9.4957969494899999E-002  0.11100291169100000     
   9.6154125871699997E-002  0.11239242899200000     
   9.7365328043499996E-002  0.11379908977700000     
   9.8591765263200001E-002  0.11522309692600000     
   9.9833629164000001E-002  0.11666465538199999     
  0.10109111379000001       0.11812397216499999     
  0.10236441562500000       0.11960125637200000     
  0.10365373362499999       0.12109671918900000     
  0.10495926925000000       0.12261057389500001     
  0.10628122649100000       0.12414303586300000     
  0.10761981190700000       0.12569432257099999     
  0.10897523465500000       0.12726465360000000     
  0.11034770652299999       0.12885425063900000     
  0.11173744196099999       0.13046333748399999     
  0.11314465811900000       0.13209214004399999     
  0.11456957487699999       0.13374088633699999     
  0.11601241488200000       0.13540980648699999     
  0.11747340358000000       0.13709913272599999     
  0.11895276925300000       0.13880909938899999     
  0.12045074305600000       0.14053994290899999     
  0.12196755904999999       0.14229190181099999     
  0.12350345424000000       0.14406521670600000     
  0.12505866861300000       0.14586013028100001     
  0.12663344517500000       0.14767688729199999     
  0.12822802998800001       0.14951573455000000     
  0.12984267220800000       0.15137692090800001     
  0.13147762412799999       0.15326069724999999     
  0.13313314121100001       0.15516731647199999     
  0.13480948213499999       0.15709703346300000     
  0.13650690883200001       0.15905010509000000     
  0.13822568652900000       0.16102679016999999     
  0.13996608378799999       0.16302734945399999     
  0.14172837254900000       0.16505204559299999     
  0.14351282817399999       0.16710114311599999     
  0.14531972948800001       0.16917490839800001     
  0.14714935882300001       0.17127360962800001     
  0.14900200206100001       0.17339751677000001     
  0.15087794868200000       0.17554690153200000     
  0.15277749180799999       0.17772203732000000     
  0.15470092824400000       0.17992319919700001     
  0.15664855853199999       0.18215066383699999     
  0.15862068699400000       0.18440470947500001     
  0.16061762177800001       0.18668561585499999     
  0.16263967490900000       0.18899366417300001     
  0.16468716233700001       0.19132913702099999     
  0.16676040398700001       0.19369231831799999     
  0.16885972380700001       0.19608349325100000     
  0.17098544981899999       0.19850294819799999     
  0.17313791417300001       0.20095097065699999     
  0.17531745319500000       0.20342784916400000     
  0.17752440744400000       0.20593387321500001     
  0.17975912175900000       0.20846933317100000     
  0.18202194531999999       0.21103452017100000     
  0.18431323169800001       0.21362972602999999     
  0.18663333891000000       0.21625524314000000     
  0.18898262947899999       0.21891136436000000     
  0.19136147048499999       0.22159838290100001     
  0.19377023362699999       0.22431659220700001     
  0.19620929528000000       0.22706628583100000     
  0.19867903655100000       0.22984775730000001     
  0.20117984334399999       0.23266129997900001     
  0.20371210641300000       0.23550720692400001     
  0.20627622143100000       0.23838577073200001     
  0.20887258904600001       0.24129728337900000     
  0.21150161494399999       0.24424203605200001     
  0.21416370991799999       0.24722031897700000     
  0.21685928992400000       0.25023242123500000     
  0.21958877615200001       0.25327863056700001     
  0.22235259509100000       0.25635923317900000     
  0.22515117859299999       0.25947451352799999     
  0.22798496394100001       0.26262475410199998     
  0.23085439392099999       0.26581023519800001     
  0.23375991688700001       0.26903123467399997     
  0.23670198683300001       0.27228802770499999     
  0.23968106346300000       0.27558088652399998     
  0.24269761226400000       0.27891008014200003     
  0.24575210457800001       0.28227587407400001     
  0.24884501767600001       0.28567853003799998     
  0.25197683483099997       0.28911830564500002     
  0.25514804539600000       0.29259545408400001     
  0.25835914488000000       0.29611022378099999     
  0.26161063502300003       0.29966285805400000     
  0.26490302387699999       0.30325359474800001     
  0.26823682588499997       0.30688266585599999     
  0.27161256196000000       0.31055029712799997     
  0.27503075956799999       0.31425670766000002     
  0.27849195280799999       0.31800210946599999     
  0.28199668249999998       0.32178670703800000     
  0.28554549626499998       0.32561069688400002     
  0.28913894861099998       0.32947426704700000     
  0.29277760102400002       0.33337759660700000     
  0.29646202205000000       0.33732085516900001     
  0.30019278738700000       0.34130420231699998     
  0.30397047997499999       0.34532778706099998     
  0.30779569008600000       0.34939174725799998     
  0.31166901541800002       0.35349620900500001     
  0.31559106118399999       0.35764128602000000     
  0.31956244021300001       0.36182707899099997     
  0.32358377304000002       0.36605367490500001     
  0.32765568800799999       0.37032114634699997     
  0.33177882136100001       0.37462955078600002     
  0.33595381734599999       0.37897892981400000     
  0.34018132831699999       0.38336930838000000     
  0.34446201482900002       0.38780069398000000     
  0.34879654575000002       0.39227307582600002     
  0.35318559835699997       0.39678642398300001     
  0.35762985845000000       0.40134068847299997     
  0.36213002045300002       0.40593579835799998     
  0.36668678752599998       0.41057166077899998     
  0.37130087167199999       0.41524815996499997     
  0.37597299385299998       0.41996515621600000     
  0.38070388409599998       0.42472248484600000     
  0.38549428161200000       0.42951995508599999     
  0.39034493491200001       0.43435734896099998     
  0.39525660191899997       0.43923442012199998     
  0.40023005009099999       0.44415089264500002     
  0.40526605654100001       0.44910645979199998     
  0.41036540815299999       0.45410078272700000     
  0.41552890171300000       0.45913348919899999     
  0.42075734402600001       0.46420417218100002     
  0.42605155204700002       0.46931238846700002     
  0.43141235300699998       0.47445765723099997     
  0.43684058454300001       0.47963945853700002     
  0.44233709482500000       0.48485723181099999     
  0.44790274269600000       0.49011037426999998     
  0.45353839779900001       0.49539823929900001     
  0.45924494071700001       0.50072013479800004     
  0.46502326310800002       0.50607532146400003     
  0.47087426784800002       0.51146301104900005     
  0.47679886916699998       0.51688236455799996     
  0.48279799279600000       0.52233249040700003     
  0.48887257611200002       0.52781244253399995     
  0.49502356827900001       0.53332121847000002     
  0.50125193040299998       0.53885775735499997     
  0.50755863567899995       0.54442093792199997     
  0.51394466954100004       0.55000957642799997     
  0.52041102981999998       0.55562242454199995     
  0.52695872689900003       0.56125816719999999     
  0.53358878386800002       0.56691542040599996     
  0.54030223668800004       0.57259272900699998     
  0.54710013434899996       0.57828856441499998     
  0.55398353903499997       0.58400132230900004     
  0.56095352629499995       0.58972932028900005     
  0.56801118520100002       0.59547079550799997     
  0.57515761852799996       0.60122390226900002     
  0.58239394291900004       0.60698670959900003     
  0.58972128906700005       0.61275719880199997     
  0.59714080188300001       0.61853326098999994     
  0.60465364068200000       0.62431269460299998     
  0.61226097935900003       0.63009320291500004     
  0.61996400657700002       0.63587239154300002     
  0.62776392594999997       0.64164776594999995     
  0.63566195623099997       0.64741672895900004     
  0.64365933150300003       0.65317657828099995     
  0.65175730137200005       0.65892450406500003     
  0.65995713116200005       0.66465758647499995     
  0.66826010211499998       0.67037279331099997     
  0.67666751158500005       0.67606697767299995     
  0.68518067324800003       0.68173687568499997     
  0.69380091730200000       0.68737910428500004     
  0.70252959067800003       0.69299015910100004     
  0.71136805724899999       0.69856641241899997     
  0.72031769804400003       0.70410411125200001     
  0.72937991146199999       0.70959937553700003     
  0.73855611349200001       0.71504819646600004     
  0.74784773793500003       0.72044643497100003     
  0.75725623662499997       0.72578982037600004     
  0.76678307966100001       0.73107394924600000     
  0.77642975562899996       0.73629428443099998     
  0.78619777184399997       0.74144615435399996     
  0.79608865457800004       0.74652475253799999     
  0.80610394930100004       0.75152513741700000     
  0.81624522092300000       0.75644223243200004     
  0.82651405403900002       0.76127082646199995     
  0.83691205317399997       0.76600557459800001     
  0.84744084303800005       0.77064099929399998     
  0.85810206877499995       0.77517149192400003     
  0.86889739622300000       0.77959131477300003     
  0.87982851217400004       0.78389460349200002     
  0.89089712463799997       0.78807537005100003     
  0.90210496310699995       0.79212750622100003     
  0.91345377882900003       0.79604478761399999     
  0.92494534508000004       0.79982087832000004     
  0.93658145743999999       0.80344933617699998     
  0.94836393407499997       0.80692361869700002     
  0.96029461602199995       0.81023708969800001     
  0.97237536747300002       0.81338302665999995     
  0.98460807607099998       0.81635462885900001     
  0.99699465320199998       0.81914502628899999     
   1.0095370342900001       0.82174728942399999     
   1.0222371791200000       0.82415443984799996     
   1.0350970720999999       0.82635946176899999     
   1.0481187226199999       0.82835531446499999     
   1.0613041653399999       0.83013494567799995     
   1.0746554605100000       0.83169130596999996     
   1.0881746942999999       0.83301736408200000     
   1.1018639791200000       0.83410612329300005     
   1.1157254539499999       0.83495063880099996     
   1.1297612846600000       0.83554403612200001     
   1.1439736643900000       0.83587953052200004     
   1.1583648138500000       0.83595044747000002     
   1.1729369816899999       0.83575024408999998     
   1.1876924448299999       0.83527253161100001     
   1.2026335088500000       0.83451109877200003     
   1.2177625083200001       0.83345993615299996     
   1.2330818071800000       0.83211326138499997     
   1.2485937991000000       0.83046554517100002     
   1.2643009078500000       0.82851153807099998     
   1.2802055877100000       0.82624629795399995     
   1.2963103238200000       0.82366521802699999     
   1.3126176325700001       0.82076405535499997     
   1.3291300620099999       0.81753895972400004     
   1.3458501922499999       0.81398650274800000     
   1.3627806358300001       0.81010370705199997     
   1.3799240381800000       0.80588807538600005     
   1.3972830779800001       0.80133761949799998     
   1.4148604676200001       0.79645088856900004     
   1.4326589536100001       0.79122699703499999     
   1.4506813169899999       0.78566565155300006     
   1.4689303737999999       0.77976717692800002     
   1.4874089754800000       0.77353254073300004     
   1.5061200093600000       0.76696337640400003     
   1.5250663990700000       0.76006200454999995     
   1.5442511050300001       0.75283145223000003     
   1.5636771248800001       0.74527546992600002     
   1.5833474939800001       0.73739854597400001     
   1.6032652858600001       0.72920591817600000     
   1.6234336127300000       0.72070358234300003     
   1.6438556259099999       0.71189829753900002     
   1.6645345164000001       0.70279758776800005     
   1.6854735153100000       0.69340973990499999     
   1.7066758944100000       0.68374379765600002     
   1.7281449665999999       0.67380955137800003     
   1.7498840864800000       0.66361752360299997     
   1.7718966508200000       0.65317895014299998     
   1.7941860991400000       0.64250575668599996     
   1.8167559142000000       0.63161053084899998     
   1.8396096225800000       0.62050648965199995     
   1.8627507952300000       0.60920744247400005     
   1.8861830479999999       0.59772774956600006     
   1.9099100422299999       0.58608227624200004     
   1.9339354852999999       0.57428634295600001     
   1.9582631312500001       0.56235567147499999     
   1.9828967813000000       0.55030632745499997     
   2.0078402845399999       0.53815465975800003     
   2.0330975384199999       0.52591723689100001     
   2.0586724894400001       0.51361078102400004     
   2.0845691337500001       0.50125210006200005     
   2.1107915177400001       0.48885801830499998     
   2.1373437387099998       0.47644530625900000     
   2.1642299455199998       0.46403061019600000     
   2.1914543391699999       0.45163038208799999     
   2.2190211735399998       0.43926081055299998     
   2.2469347559899999       0.42693775346300000     
   2.2751994481000000       0.41467667286600002     
   2.3038196662599999       0.40249257287099999     
   2.3327998824499998       0.39039994111800003     
   2.3621446248800000       0.37841269444699999     
   2.3918584787400001       0.36654412932800001     
   2.4219460868599998       0.35480687758000001     
   2.4524121505099998       0.34321286785499999     
   2.4832614300600002       0.33177329329400002     
   2.5144987457800001       0.32049858571000001     
   2.5461289785600001       0.30939839654200002     
   2.5781570707000001       0.29848158478199999     
   2.6105880266299999       0.28775621195099998     
   2.6434269137799999       0.27722954411200001     
   2.6766788632699998       0.26690806080000001     
   2.7103490708000000       0.25679747065899999     
   2.7444427974100001       0.24690273339999999     
   2.7789653702999999       0.23722808765600001     
   2.8139221836999999       0.22777708408399999     
   2.8493186996900000       0.21855262302199999     
   2.8851604490399998       0.20955699578600001     
   2.9214530320900001       0.20079192861699999     
   2.9582021196400001       0.19225862808700001     
   2.9954134538099999       0.18395782664999999     
   3.0330928489400000       0.17588982687800001     
   3.0712461925199999       0.16805454241300000     
   3.1098794460799999       0.16045153071000001     
   3.1489986461499999       0.15308000941200001     
   3.1886099051799999       0.14593886919999999     
   3.2287194125199998       0.13902668608200000     
   3.2693334353400001       0.13234173414799999     
   3.3104583196899999       0.12588199862400001     
   3.3521004913999999       0.11964518919700000     
   3.3942664571500001       0.11362875355800001     
   3.4369628054599999       0.10782989115300000     
   3.4801962077100002       0.10224556709800001     
   3.5239734192199998        9.6872526220700000E-002
   3.5683012802600000        9.1707307200800003E-002
   3.6131867171600001        8.6746256769600003E-002
   3.6586367433500002        8.1985543938000005E-002
   3.7046584604900001        7.7421174214600000E-002
   3.7512590595600002        7.3049003781000002E-002
   3.7984458220200001        6.8864753587899993E-002
   3.8462261208799999        6.4864023339599994E-002
   3.8946074219200000        6.1042305331100000E-002
   3.9435972848000000        5.7394998105500000E-002
   3.9932033642999998        5.3917419898200002E-002
   4.0434334114699997        5.0604821836799999E-002
   4.0942952748600003        4.7452400864600001E-002
   4.1457969017199998        4.4455312358899997E-002
   4.1979463393099996        4.1608682415299997E-002
   4.2507517360699998        3.8907619770399998E-002
   4.3042213429500000        3.6347227337900002E-002
   4.3583635146899997        3.3922613332600000E-002
   4.4131867111199998        3.1628901962600001E-002
   4.4686994984600004        2.9461243666000000E-002
   4.5249105507099996        2.7414824876700002E-002
   4.5818286509600004        2.5484877300300000E-002
   4.6394626927699996        2.3666686687300001E-002
   4.6978216815799998        2.1955601090299998E-002
   4.7569147361099997        2.0347038596999999E-002
   4.8167510897600003        1.8836494527800000E-002
   4.8773400920899999        1.7419548096699999E-002
   4.9386912102400000        1.6091868528699999E-002
   5.0008140304599999        1.4849220634700001E-002
   5.0637182595699999        1.3687469844300000E-002
   5.1274137264700004        1.2602586699900000E-002
   5.1919103837199998        1.1590650818100000E-002
   5.2572183090399998        1.0647854324999999E-002
   5.3233477069399999        9.7705047768899995E-003
   5.3903089102599999        8.9550275746000003E-003
   5.4581123818400004        8.1979678883600006E-003
   5.5267687161000003        7.4959921054500002E-003
   5.5962886407300001        6.8458888183600001E-003
   5.6666830183599997        6.2445693710499999E-003
   5.7379628482599996        5.6890679825799999E-003
   5.8101392680500004        5.1765414683900002E-003
   5.8832235554399999        4.7042685807200000E-003
   5.9572271299899997        4.2696489902699997E-003
   6.0321615549200001        3.8702019320499999E-003
   6.1080385388899998        3.5035645389200000E-003
   6.1848699378100003        3.1674898866300002E-003
   6.2626677567700000        2.8598447745000000E-003
   6.3414441518200002        2.5786072658599999E-003
   6.4212114319499998        2.3218640125500000E-003
   6.5019820609299996        2.0878073873100002E-003
   6.5837686593600004        1.8747324478000000E-003
   6.6665840065599999        1.6810337554200000E-003
   6.7504410425900003        1.5052020717000001E-003
   6.8353528702800004        1.3458209540500000E-003
   6.9213327572800001        1.2015632723900000E-003
   7.0083941381199999        1.0711876668099999E-003
   7.0965506163300001        9.5353496583100005E-004
   7.1858159665199999        8.4752458371999996E-004
   7.2762041365899996        7.5215091423099997E-004
   7.3677292498800000        6.6647973709600000E-004
   7.4604056073800002        5.8964465240700001E-004
   7.5542476899400004        5.2084355688399996E-004
   7.6492701605900004        4.5933517481300002E-004
   7.7454878667899996        4.0443565528100001E-004
   7.8429158427400001        3.5551524610899997E-004
   7.9415693117600004        3.1199505372299998E-004
   8.0414636886699995        2.7334389702699999E-004
   8.1426145821499993        2.3907526223699999E-004
   8.2450377972400002        2.0874436447700001E-004
   8.3487493377900002        1.8194532095400001E-004
   8.4537654089200007        1.5830843943299999E-004
   8.5601024196100006        1.3749762483200001E-004
   8.6677769852300006        1.1920790579900000E-004
   8.7768059301699992        1.0316308231600001E-004
   8.8872062904000000        8.9113494547700005E-005
   8.9989953162200003        7.6833912448800003E-005
   9.1121904748699993        6.6121544958000004E-005
   9.2268094533500005        5.6794167008600002E-005
   9.3428701610899996        4.8688362044399999E-005
   9.4603907328200005        4.1657877251699998E-005
   9.5793895313699995        3.5572088300500000E-005
   9.6998851505400001        3.0314570033000001E-005
   9.8218964180100006        2.5781769240099999E-005
   9.9454423983000009        2.1881775422500000E-005
   10.070542395700000        1.8533185244299999E-005
   10.197215957399999        1.5664056244700000E-005
   10.325482876300001        1.3210945282500000E-005
   10.455363194500000        1.1118027132399999E-005
   10.586877205900000        9.3362886433200000E-006
   10.720045460000000        7.8227938901400005E-006
   10.854888764500000        6.5400158063399999E-006
   10.991428188900001        5.4552298676899997E-006
   11.129685067900001        4.5399655056100004E-006
   11.269681004400001        3.7695110576599999E-006
   11.411437872900001        3.1224682096800001E-006
   11.554977823400000        2.5803520455000001E-006
   11.700323284100000        2.1272329935999999E-006
   11.847496965700000        1.7494171416499999E-006
   11.996521864400000        1.4351615781300001E-006
   12.147421265400000        1.1744216120100000E-006
   12.300218747300001        9.5862691461199997E-007
   12.454938184900000        7.8048382068599996E-007
   12.611603753500001        6.3380121669500000E-007
   12.770239932300001        5.1333763093100001E-007
   12.930871508599999        4.1466732243499998E-007
   13.093523581400000        3.3406334152499998E-007
   13.258221565500000        2.6839570377100001E-007
   13.424991195100000        2.1504298051300001E-007
   13.593858528400000        1.7181576212700001E-007
   13.764849951400000        1.3689059465999999E-007
   13.937992181600000        1.0875312606800001E-007
   14.113312273000000        8.6149324920600005E-008
   14.290837619600000        6.8043752119600004E-008
   14.470595960300001        5.3583974987999999E-008
   14.652615382500001        4.2070313281700000E-008
   14.836924327200000        3.2930198420899997E-008
   15.023551593000001        2.5696510954000001E-008
   15.212526340800000        1.9989337253600000E-008
   15.403878098400000        1.5500655143700000E-008
   15.597636764700001        1.1981519986000000E-008
   15.793832615099999        9.2313781589700002E-009
   15.992496305400000        7.0891843062500004E-009
   16.193658877400001        5.4260426567299998E-009
   16.397351763000000        4.1391315871299999E-009
   16.603606789699999        3.1467048371500000E-009
   16.812456185300000        2.3839928283499998E-009
   17.023932582800001        1.7998537815700000E-009
   17.238069026000002        1.3540471582000000E-009
   17.454898974100001        1.0150217287599999E-009
   17.674456307100002        7.5812763355700002E-010
   17.896775331499999        5.6417645586900001E-010
   18.121890784900000        4.1828586444199998E-010
   18.349837842100001        3.0895605935499998E-010
   18.580652120300002        2.2733431115300000E-010
   18.814369684799999        1.6663153040300001E-010
   19.051027054300000        1.2166123513200000E-010
   19.290661206999999        8.8476667030700003E-011
   19.533309586400001        6.4086294807800005E-011
   19.779010106600001        4.6231667332700002E-011
   20.027801158900001        3.3214656416800000E-011
   20.279721617400000        2.3763660387699999E-011
   20.534810845199999        1.6930412558299999E-011
   20.793108700400001        1.2010728631400000E-011
   21.054655542799999        8.4838985259000002E-012
   21.319492239399999        5.9665360029800000E-012
   21.587660171500001        4.1775903293500002E-012
   21.859201241099999        2.9119372199100001E-012
   22.134157876700002        2.0205342940100000E-012
   22.412573041100000        1.3955766023500000E-012
   22.694490237200000        9.5944311227099999E-013
   22.979953514999998        6.5650406328200001E-013
   23.269007478900001        4.4707714334100000E-013
   23.561697293999998        3.0298998293099998E-013
   23.858068693800000        2.0433764912899999E-013
   24.158167986900001        1.3712481748100001E-013
   24.462042064399999        9.1559659915300006E-014
   24.769738407199998        6.0825440778600001E-014
   25.081305093600001        4.0200508222299998E-014
   25.396790806500000        2.6431076659400001E-014
   25.716244841100000        1.7286484749400000E-014
   26.039717112799998        1.1245484509600000E-014
   26.367258164799999        7.2761236379599999E-015
   26.698919176000000        4.6821225287799998E-015
   27.034751969199998        2.9962379620600001E-015
   27.374809018899999        1.9066469735400000E-015
   27.719143459800001        1.2064073769300000E-015
   28.067809094699999        7.5895539022600002E-016
   28.420860403399999        4.7468504572700004E-016
   28.778352550899999        2.9514127535999999E-016
   29.140341396000000        1.8241355485200000E-016
   29.506883500299999        1.1206094218899999E-016
   29.878036136700000        6.8420819109900000E-017
   30.253857298500002        4.1516957069299997E-017
   30.634405708599999        2.5034100401400000E-017
   31.019740828500002        1.4999377760400000E-017
   31.409922867500001        8.9292377455099993E-018
   31.805012792300001        5.2810476676400003E-018
   32.205072336599997        3.1028055826600001E-018
   32.610164010500000        1.8108462530600001E-018
   33.020351110400000        1.0496981519800000E-018
   33.435697728900003        6.0431859739799997E-019
   33.856268764699998        3.4550037272499999E-019
   34.282129932799997        1.9614353418500001E-019
   34.713347775000003        1.1056146480799999E-019
   35.149989669999997        6.1872660068799998E-020
   35.592123843899998        3.4373156481299998E-020
   36.039819381000001        1.8955077694200001E-020
   36.493146234800001        1.0374726148900000E-020
   36.952175238499997        5.6354877552800001E-021
   37.416978116199999        3.0377255071699999E-021
   37.887627494400000        1.6247461550800000E-021
   38.364196912899999        8.6218362129199994E-022
   38.846760836900003        4.5388729345799996E-022
   39.335394667700001        2.3702081319100000E-022
   39.830174755500003        1.2276393093000000E-022
   40.331178410699998        6.3060296871300005E-023
   40.838483916100003        3.2121562922400002E-023
   41.352170539200003        1.6223579953500001E-023
   41.872318544599999        8.1238040485300005E-024
   42.399009206400002        4.0326234486400001E-024
   42.932324821300000        1.9841913797100001E-024
   43.472348720699998        9.6760626176199996E-025
   44.019165284600000        4.6761019023599996E-025
   44.572859954199998        2.2391840646300000E-025
   45.133519245300000        1.0623457378800000E-025
   45.701230762100003        4.9929971817700002E-026
   46.276083210800003        2.3244734163399999E-026
   46.858166413100001        1.0717746852399999E-026
   47.447571320800002        4.8937889517199999E-027
   48.044390029500001        2.2125665261500000E-027
   48.648715793500003        9.9038185163999991E-028
   49.260643039700000        4.3884328284700003E-028
   49.880267383200000        1.9246919375700000E-028
   50.507685641499997        8.3541421468800001E-029
   51.142995849899997        3.5881827137099999E-029
   51.786297277000003        1.5248313275099999E-029
   52.437690439999997        6.4104047931600000E-030
   53.097277120199998        2.6656715042200001E-030
   53.765160379599997        1.0962908021600000E-030
   54.441444576199999        4.4584368417199996E-031
   55.126235380700003        1.7927354844200000E-031
   55.819639793199997        7.1263130159299996E-032
   56.521766159499997        2.8000532289300002E-032
   57.232724188299997        1.0873198462600000E-032
   57.952624968199999        4.1722871378000003E-033
   58.681580985200000        1.5818030553600001E-033
   59.419706140099997        5.9241598395199998E-034
   60.167115766499997        2.1914488592500000E-034
   60.923926648699997        8.0057033869499998E-035
   61.690257039899997        2.8877785862500002E-035
   62.466226680699997        1.0283867680400000E-035
   63.251956818099998        3.6150017067900001E-036
   64.047570223999998        1.2541529841200000E-036
   64.853191214500001        4.2935087677100002E-037
   65.668945669600006        1.4501842190500000E-037
   66.494961052600004        4.8318277486699999E-038
   67.331366430000003        1.5878334418400001E-038
   68.178292491999997        5.1455379678399997E-039
   69.035871572399998        1.6440514869700000E-039
   69.904237669699995        5.1782690420699998E-040
   70.783526467800002        1.6075463862800000E-040
   71.673875357599997        4.9178652033599997E-041
   72.575423457599996        1.4823399210700001E-041
   73.488311636800006        4.4014961235600000E-042
   74.412682535700000        1.2872320207300000E-042
   75.348680589099999        3.7071435887899997E-043
   76.296452048700004        1.0511617337900000E-043
   77.256145005700006        2.9340545377500000E-044
   78.227909413999996        8.0603839948900002E-045
   79.211897113899994        2.1789741444100000E-045
   80.208261855299995        5.7953090495300002E-046
   81.217159322399993        1.5161710702299999E-046
   82.238747157399999        3.9010842839800000E-047
   83.273184985399993        9.8697462458999996E-048
   84.320634439499997        2.4548657853300000E-048
   85.381259185900007        6.0016107591499996E-049
   86.455224949200002        1.4419261893500000E-049
   87.542699538799994        3.4038455725399999E-050
   88.643852874800004        7.8934060943499997E-051
   89.758857014699998        1.7978054690200001E-051
   90.887886180199999        4.0208716704199998E-052
   92.031116784299996        8.8290172083300008E-053
   93.188727459199995        1.9029804397900000E-053
   94.360899083800007        4.0253261089199998E-054
   95.547814812400006        8.3546347854999999E-055
   96.749660102999997        1.7010935087600001E-055
   97.966622746400006        3.3971753890800001E-056
   99.198892895300006        6.6529025633499997E-057
   100.44666309500001        1.2773878017599999E-057
   101.71012831100001        2.4041769841499999E-058
   102.98948596300001        4.4346414782899996E-059
   104.28493595400001        8.0151229962099997E-060
   105.59668069900000        1.4191981070499999E-060
   106.92492516199999        2.4612657267199999E-061
   108.26987688400000        4.1802075883200003E-062
   109.63174601599999        6.9506348378200002E-063
   111.01074535300000        1.1315144686400000E-063
   112.40709036600001        1.8024306004800000E-064
   113.82099923700000        2.8063910621299999E-065
   115.25269289200000        4.1854875659499998E-066
   116.70239503700000        6.0946541286299999E-067
