   1.7321591186399999E-006  -2.5531238352300001E-005
   3.4861061168099999E-006  -5.1383620149000002E-005
   5.2621150523000004E-006  -7.7561184877200000E-005
   7.0604634301200001E-006  -1.0406802283500000E-004
   8.8814322458600004E-006  -1.3090827576799999E-004
   1.0725306029600000E-005  -1.5808613752300000E-004
   1.2592372890400001E-005  -1.8560585469399999E-004
   1.4482924561199999E-005  -2.1347172729300001E-004
   1.6397256444600001E-005  -2.4168810941999999E-004
   1.8335667658800001E-005  -2.7025940994100000E-004
   2.0298461084600000E-005  -2.9919009318099998E-004
   2.2285943412299999E-005  -3.2848467961699997E-004
   2.4298425190200001E-005  -3.5814774658700002E-004
   2.6336220872600002E-005  -3.8818392900700002E-004
   2.8399648869300000E-005  -4.1859792009100002E-004
   3.0489031594999998E-005  -4.4939447208600000E-004
   3.2604695520000000E-005  -4.8057839701700001E-004
   3.4746971221300000E-005  -5.1215456743399998E-004
   3.6916193433599999E-005  -5.4412791717999996E-004
   3.9112701102400000E-005  -5.7650344215300000E-004
   4.1336837436500000E-005  -6.0928620109599999E-004
   4.3588949961699998E-005  -6.4248131638100004E-004
   4.5869390575099997E-005  -6.7609397481299997E-004
   4.8178515600300002E-005  -7.1012942843800002E-004
   5.0516685842699997E-005  -7.4459299536300001E-004
   5.2884266646199997E-005  -7.7949006059099997E-004
   5.5281627950100001E-005  -8.1482607685999997E-004
   5.7709144347000003E-005  -8.5060656549400000E-004
   6.0167195141200001E-005  -8.8683711726599999E-004
   6.2656164408299994E-005  -9.2352339327299998E-004
   6.5176441054700006E-005  -9.6067112582099996E-004
   6.7728418878699995E-005  -9.9828611931700000E-004
   7.0312496632100001E-005  -1.0363742511800000E-003
   7.2929078082300004E-005  -1.0749414727600000E-003
   7.5578572075499996E-005  -1.1139938102599999E-003
   7.8261392600500004E-005  -1.1535373656900000E-003
   8.0977958853499998E-005  -1.1935783178099999E-003
   8.3728695303400002E-005  -1.2341229230999999E-003
   8.6514031758499997E-005  -1.2751775167300001E-003
   8.9334403433199996E-005  -1.3167485135800001E-003
   9.2190251016300000E-005  -1.3588424091800001E-003
   9.5082020739900000E-005  -1.4014657807999999E-003
   9.8010164448800001E-005  -1.4446252884200001E-003
   1.0097513967100000E-004  -1.4883276758100000E-003
   1.0397740969099999E-004  -1.5325797715600000E-003
   1.0701744361900000E-004  -1.5773884901300001E-003
   1.1009571646599999E-004  -1.6227608329800001E-003
   1.1321270921900000E-004  -1.6687038896400000E-003
   1.1636890891499999E-004  -1.7152248387999999E-003
   1.1956480871500001E-004  -1.7623309494500001E-003
   1.2280090798600000E-004  -1.8100295820200000E-003
   1.2607771237499999E-004  -1.8583281895099999E-003
   1.2939573388900000E-004  -1.9072343186699999E-003
   1.3275549097600001E-004  -1.9567556112000000E-003
   1.3615750860400001E-004  -2.0068998048799998E-003
   1.3960231834700000E-004  -2.0576747348599999E-003
   1.4309045846200001E-004  -2.1090883348200001E-003
   1.4662247397800000E-004  -2.1611486382300000E-003
   1.5019891677999999E-004  -2.2138637796200000E-003
   1.5382034569500001E-004  -2.2672419958400000E-003
   1.5748732657800001E-004  -2.3212916273399999E-003
   1.6120043240199999E-004  -2.3760211194899998E-003
   1.6496024334800000E-004  -2.4314390238800001E-003
   1.6876734689399999E-004  -2.4875539996600002E-003
   1.7262233790700000E-004  -2.5443748149199998E-003
   1.7652581873800000E-004  -2.6019103480199998E-003
   1.8047839931300001E-004  -2.6601695889999998E-003
   1.8448069723200000E-004  -2.7191616409900001E-003
   1.8853333786100001E-004  -2.7788957216199998E-003
   1.9263695443400000E-004  -2.8393811644400000E-003
   1.9679218814900001E-004  -2.9006274204399999E-003
   2.0099968826900000E-004  -2.9626440594599998E-003
   2.0526011222699999E-004  -3.0254407717300001E-003
   2.0957412572000000E-004  -3.0890273693500001E-003
   2.1394240282300001E-004  -3.1534137878700000E-003
   2.1836562608800001E-004  -3.2186100877800001E-003
   2.2284448665300000E-004  -3.2846264561400000E-003
   2.2737968434800000E-004  -3.3514732081500001E-003
   2.3197192780699999E-004  -3.4191607887200000E-003
   2.3662193457900000E-004  -3.4876997741899998E-003
   2.4133043123499999E-004  -3.5571008739100000E-003
   2.4609815348800002E-004  -3.6273749319299998E-003
   2.5092584630500002E-004  -3.6985329287199998E-003
   2.5581426402099998E-004  -3.7705859828599999E-003
   2.6076417046300002E-004  -3.8435453527800000E-003
   2.6577633906399998E-004  -3.9174224385200001E-003
   2.7085155298400002E-004  -3.9922287835200002E-003
   2.7599060523700000E-004  -4.0679760764300004E-003
   2.8119429880900002E-004  -4.1446761528999999E-003
   2.8646344678899999E-004  -4.2223409974800003E-003
   2.9179887249099998E-004  -4.3009827454500004E-003
   2.9720140958699998E-004  -4.3806136847400002E-003
   3.0267190223399998E-004  -4.4612462578299998E-003
   3.0821120520700001E-004  -4.5428930637400004E-003
   3.1382018403499999E-004  -4.6255668599200000E-003
   3.1949971513099999E-004  -4.7092805643200002E-003
   3.2525068593299998E-004  -4.7940472573800002E-003
   3.3107399504399997E-004  -4.8798801840600004E-003
   3.3697055236500001E-004  -4.9667927559099998E-003
   3.4294127924700002E-004  -5.0547985531900000E-003
   3.4898710862800003E-004  -5.1439113269900003E-003
   3.5510898518100001E-004  -5.2341450013400001E-003
   3.6130786546199997E-004  -5.3255136754400004E-003
   3.6758471805699999E-004  -5.4180316258100004E-003
   3.7394052373899999E-004  -5.5117133085700000E-003
   3.8037627561499998E-004  -5.6065733616599998E-003
   3.8689297928300002E-004  -5.7026266071400003E-003
   3.9349165299299999E-004  -5.7998880535199996E-003
   4.0017332780100003E-004  -5.8983728980999996E-003
   4.0693904773100002E-004  -5.9980965293000002E-003
   4.1378986994100001E-004  -6.0990745291500002E-003
   4.2072686488699997E-004  -6.2013226756499999E-003
   4.2775111648800000E-004  -6.3048569452599998E-003
   4.3486372229599999E-004  -6.4096935154200002E-003
   4.4206579367299999E-004  -6.5158487670400004E-003
   4.4935845595500001E-004  -6.6233392870800002E-003
   4.5674284863600001E-004  -6.7321818711300000E-003
   4.6422012554299998E-004  -6.8423935260599998E-003
   4.7179145501500001E-004  -6.9539914726500004E-003
   4.7945802008799999E-004  -7.0669931482700002E-003
   4.8722101867799999E-004  -7.1814162096699996E-003
   4.9508166376900002E-004  -7.2972785356599998E-003
   5.0304118360400003E-004  -7.4145982299300001E-003
   5.1110082187399996E-004  -7.5333936239200001E-003
   5.1926183791299997E-004  -7.6536832796300002E-003
   5.2752550689700000E-004  -7.7754859925400002E-003
   5.3589312004000004E-004  -7.8988207945400006E-003
   5.4436598480000001E-004  -8.0237069569300008E-003
   5.5294542507899999E-004  -8.1501639933999996E-003
   5.6163278143200001E-004  -8.2782116631000009E-003
   5.7042941127499996E-004  -8.4078699737099999E-003
   5.7933668910099996E-004  -8.5391591845699992E-003
   5.8835600668900000E-004  -8.6720998098700000E-003
   5.9748877332599999E-004  -8.8067126218199995E-003
   6.0673641602599997E-004  -8.9430186539200002E-003
   6.1610037975199999E-004  -9.0810392042199994E-003
   6.2558212764100005E-004  -9.2207958386899998E-003
   6.3518314123699995E-004  -9.3623103945500007E-003
   6.4490492071700000E-004  -9.5056049837099997E-003
   6.5474898512999995E-004  -9.6507019961899997E-003
   6.6471687262899997E-004  -9.7976241036699992E-003
   6.7481014071800005E-004  -9.9463942629799997E-003
   6.8503036649099997E-004  -1.0097035719700000E-002
   6.9537914687799998E-004  -1.0249572011900000E-002
   7.0585809889800000E-004  -1.0404026973500000E-002
   7.1646885990899996E-004  -1.0560424738500000E-002
   7.2721308786200000E-004  -1.0718789744200000E-002
   7.3809246156600003E-004  -1.0879146735500000E-002
   7.4910868094500000E-004  -1.1041520768400001E-002
   7.6026346730599995E-004  -1.1205937214200001E-002
   7.7155856360599997E-004  -1.1372421763100000E-002
   7.8299573472700003E-004  -1.1541000428700000E-002
   7.9457676775199996E-004  -1.1711699551700001E-002
   8.0630347223900004E-004  -1.1884545804100000E-002
   8.1817768051000003E-004  -1.2059566193300000E-002
   8.3020124793500003E-004  -1.2236788066700000E-002
   8.4237605321999995E-004  -1.2416239115499999E-002
   8.5470399870300002E-004  -1.2597947379000000E-002
   8.6718701065100000E-004  -1.2781941249700000E-002
   8.7982703955899997E-004  -1.2968249476700000E-002
   8.9262606045899999E-004  -1.3156901171100001E-002
   9.0558607322300004E-004  -1.3347925809900000E-002
   9.1870910287999996E-004  -1.3541353241200000E-002
   9.3199719992899995E-004  -1.3737213688100000E-002
   9.4545244066299996E-004  -1.3935537754200001E-002
   9.5907692748999995E-004  -1.4136356427999999E-002
   9.7287278926499999E-004  -1.4339701087600000E-002
   9.8684218161899993E-004  -1.4545603506099999E-002
   1.0009872873000000E-003  -1.4754095855800000E-002
   1.0153103165000000E-003  -1.4965210714099999E-002
   1.0298135072400001E-003  -1.5178981067899999E-002
   1.0444991256499999E-003  -1.5395440319299999E-002
   1.0593694664099999E-003  -1.5614622290099999E-002
   1.0744268530200000E-003  -1.5836561228100000E-002
   1.0896736382399999E-003  -1.6061291811300001E-002
   1.1051122044199999E-003  -1.6288849154300001E-002
   1.1207449638499999E-003  -1.6519268813200001E-002
   1.1365743591800000E-003  -1.6752586791400001E-002
   1.1526028638000000E-003  -1.6988839545099998E-002
   1.1688329821900000E-003  -1.7228063989200001E-002
   1.1852672503300000E-003  -1.7470297502699999E-002
   1.2019082361200001E-003  -1.7715577935000001E-002
   1.2187585397400000E-003  -1.7963943611300000E-002
   1.2358207940900000E-003  -1.8215433339200001E-002
   1.2530976651799999E-003  -1.8470086414300001E-002
   1.2705918525600000E-003  -1.8727942626299999E-002
   1.2883060897200000E-003  -1.8989042265500002E-002
   1.3062431445599999E-003  -1.9253426129199998E-002
   1.3244058197700000E-003  -1.9521135527600000E-002
   1.3427969533200000E-003  -1.9792212290499999E-002
   1.3614194188400000E-003  -2.0066698773900001E-002
   1.3802761261499999E-003  -2.0344637866799999E-002
   1.3993700216299999E-003  -2.0626072997299998E-002
   1.4187040887500000E-003  -2.0911048139899999E-002
   1.4382813484999999E-003  -2.1199607822300001E-002
   1.4581048598700001E-003  -2.1491797132200001E-002
   1.4781777203000000E-003  -2.1787661724400002E-002
   1.4985030662500000E-003  -2.2087247827999999E-002
   1.5190840735700001E-003  -2.2390602253700001E-002
   1.5399239580900000E-003  -2.2697772400699999E-002
   1.5610259760900000E-003  -2.3008806264600001E-002
   1.5823934248100000E-003  -2.3323752444799999E-002
   1.6040296429399999E-003  -2.3642660151699999E-002
   1.6259380111900000E-003  -2.3965579214900001E-002
   1.6481219527899999E-003  -2.4292560090700001E-002
   1.6705849340199999E-003  -2.4623653870000001E-002
   1.6933304647799999E-003  -2.4958912286500001E-002
   1.7163620990900000E-003  -2.5298387724400000E-002
   1.7396834357000001E-003  -2.5642133226900000E-002
   1.7632981186100000E-003  -2.5990202504400001E-002
   1.7872098376700001E-003  -2.6342649942900000E-002
   1.8114223291199999E-003  -2.6699530612400001E-002
   1.8359393762300000E-003  -2.7060900275600000E-002
   1.8607648098199999E-003  -2.7426815396600000E-002
   1.8859025089300000E-003  -2.7797333149699999E-002
   1.9113564013700001E-003  -2.8172511428400000E-002
   1.9371304643599999E-003  -2.8552408854300000E-002
   1.9632287251500000E-003  -2.8937084786399999E-002
   1.9896552616500002E-003  -2.9326599330300001E-002
   2.0164142030600000E-003  -2.9721013347700002E-002
   2.0435097305200002E-003  -3.0120388465700001E-002
   2.0709460777500002E-003  -3.0524787086599999E-002
   2.0987275317499998E-003  -3.0934272397600000E-002
   2.1268584334299999E-003  -3.1348908380599998E-002
   2.1553431782900001E-003  -3.1768759822499999E-002
   2.1841862171300000E-003  -3.2193892324800001E-002
   2.2133920567299998E-003  -3.2624372314199998E-002
   2.2429652605799998E-003  -3.3060267053199997E-002
   2.2729104495300000E-003  -3.3501644649800003E-002
   2.3032323025999999E-003  -3.3948574069200002E-002
   2.3339355576200002E-003  -3.4401125143700001E-002
   2.3650250120500001E-003  -3.4859368584099999E-002
   2.3965055236699999E-003  -3.5323375990400002E-002
   2.4283820113899998E-003  -3.5793219863500002E-002
   2.4606594559599998E-003  -3.6268973615799997E-002
   2.4933429008000001E-003  -3.6750711583600000E-002
   2.5264374527700002E-003  -3.7238509037600002E-002
   2.5599482829599999E-003  -3.7732442195700003E-002
   2.5938806275099999E-003  -3.8232588234199998E-002
   2.6282397883999999E-003  -3.8739025300300003E-002
   2.6630311343300000E-003  -3.9251832523999997E-002
   2.6982601015300002E-003  -3.9771090030500000E-002
   2.7339321945799998E-003  -4.0296878952900003E-002
   2.7700529873199999E-003  -4.0829281444900001E-002
   2.8066281237000001E-003  -4.1368380693200001E-002
   2.8436633186699999E-003  -4.1914260931200001E-002
   2.8811643590399998E-003  -4.2467007451299998E-002
   2.9191371044299998E-003  -4.3026706619000002E-002
   2.9575874881600001E-003  -4.3593445885999997E-002
   2.9965215181699998E-003  -4.4167313803900002E-002
   3.0359452780000002E-003  -4.4748400038199999E-002
   3.0758649276799999E-003  -4.5336795381899997E-002
   3.1162867047299998E-003  -4.5932591770299999E-002
   3.1572169251500000E-003  -4.6535882294599998E-002
   3.1986619843699998E-003  -4.7146761217400003E-002
   3.2406283582500001E-003  -4.7765323986299998E-002
   3.2831226041400000E-003  -4.8391667249900003E-002
   3.3261513618299998E-003  -4.9025888871999997E-002
   3.3697213546700000E-003  -4.9668087947599998E-002
   3.4138393905599998E-003  -5.0318364817799999E-002
   3.4585123630199999E-003  -5.0976821085900001E-002
   3.5037472523000001E-003  -5.1643559632900002E-002
   3.5495511264400001E-003  -5.2318684634099999E-002
   3.5959311423900001E-003  -5.3002301574699998E-002
   3.6428945471300000E-003  -5.3694517266700000E-002
   3.6904486787799999E-003  -5.4395439865700002E-002
   3.7386009677699999E-003  -5.5105178887399998E-002
   3.7873589379900001E-003  -5.5823845224899998E-002
   3.8367302079700002E-003  -5.6551551165999997E-002
   3.8867224920899998E-003  -5.7288410411000003E-002
   3.9373436017300003E-003  -5.8034538089900001E-002
   3.9886014465399999E-003  -5.8790050780799998E-002
   4.0405040356700003E-003  -5.9555066528200001E-002
   4.0930594789999998E-003  -6.0329704860799999E-002
   4.1462759884299998E-003  -6.1114086811099998E-002
   4.2001618791400004E-003  -6.1908334933500002E-002
   4.2547255709199996E-003  -6.2712573323799994E-002
   4.3099755894499998E-003  -6.3526927638600003E-002
   4.3659205676600003E-003  -6.4351525114700006E-002
   4.4225692470700002E-003  -6.5186494589399999E-002
   4.4799304791500001E-003  -6.6031966519999999E-002
   4.5380132267000004E-003  -6.6888073004699997E-002
   4.5968265652799999E-003  -6.7754947803200002E-002
   4.6563796845899997E-003  -6.8632726357000004E-002
   4.7166818899299998E-003  -6.9521545811400007E-002
   4.7777426036299999E-003  -7.0421545036300007E-002
   4.8395713665700000E-003  -7.1332864648100000E-002
   4.9021778396000004E-003  -7.2255647031600007E-002
   4.9655718051099997E-003  -7.3190036362399999E-002
   5.0297631685599998E-003  -7.4136178629100005E-002
   5.0947619599500003E-003  -7.5094221656499996E-002
   5.1605783354900002E-003  -7.6064315128200000E-002
   5.2272225791300002E-003  -7.7046610610399996E-002
   5.2947051041499996E-003  -7.8041261575400006E-002
   5.3630364548399997E-003  -7.9048423425500003E-002
   5.4322273081200004E-003  -8.0068253517199997E-002
   5.5022884751900003E-003  -8.1100911186199998E-002
   5.5732309032600000E-003  -8.2146557771499998E-002
   5.6450656772200000E-003  -8.3205356641600003E-002
   5.7178040213999998E-003  -8.4277473218900001E-002
   5.7914573013200001E-003  -8.5363075006400002E-002
   5.8660370254499999E-003  -8.6462331613500004E-002
   5.9415548470299999E-003  -8.7575414782399996E-002
   6.0180225658699998E-003  -8.8702498414999997E-002
   6.0954521302000004E-003  -8.9843758600199997E-002
   6.1738556385599998E-003  -9.0999373640999998E-002
   6.2532453416500001E-003  -9.2169524082800006E-002
   6.3336336442700002E-003  -9.3354392741099995E-002
   6.4150331072600000E-003  -9.4554164730500004E-002
   6.4974564494500002E-003  -9.5769027493399994E-002
   6.5809165496500000E-003  -9.6999170828799997E-002
   6.6654264486799997E-003  -9.8244786922899993E-002
   6.7509993513900001E-003  -9.9506070378200001E-002
   6.8376486287000000E-003 -0.10078321824399999     
   6.9253878197399997E-003 -0.10207643004800000     
   7.0142306339499999E-003 -0.10338590782700000     
   7.1041909531899998E-003 -0.10471185615600000     
   7.1952828339500001E-003 -0.10605448218600000     
   7.2875205095200004E-003 -0.10741399566800000     
   7.3809183922199997E-003 -0.10879060899600000     
   7.4754910756599999E-003 -0.11018453722900000     
   7.5712533370199996E-003 -0.11159599813399999     
   7.6682201393400004E-003 -0.11302521221400000     
   7.7664066338799997E-003 -0.11447240274499999     
   7.8658281624900007E-003 -0.11593779580999999     
   7.9665002599800007E-003 -0.11742162033600000     
   8.0684386565599998E-003 -0.11892410812600000     
   8.1716592803300001E-003 -0.12044549389900000     
   8.2761782597100004E-003 -0.12198601532400000     
   8.3820119260099996E-003 -0.12354591305800000     
   8.4891768159600003E-003 -0.12512543078499999     
   8.5976896742800003E-003 -0.12672481525199999     
   8.7075674563200003E-003 -0.12834431630699999     
   8.8188273307300002E-003 -0.12998418693899999     
   8.9314866820700001E-003 -0.13164468332000001     
   9.0455631136099994E-003 -0.13332606483900000     
   9.1610744500099997E-003 -0.13502859414900001     
   9.2780387401599999E-003 -0.13675253720100000     
   9.3964742599599999E-003 -0.13849816329400000     
   9.5163995152099997E-003 -0.14026574510800000     
   9.6378332444700000E-003 -0.14205555875299999     
   9.7607944220099996E-003 -0.14386788380900001     
   9.8853022607699997E-003 -0.14570300337000000     
   1.0011376215300001E-002 -0.14756120409000001     
   1.0139035984999999E-002 -0.14944277622400001     
   1.0268301517000001E-002 -0.15134801367600001     
   1.0399193009100000E-002 -0.15327721404600000     
   1.0531730913600001E-002 -0.15523067867199999     
   1.0665935939600000E-002 -0.15720871267900000     
   1.0801829057100001E-002 -0.15921162503100000     
   1.0939431499500000E-002 -0.16123972856900001     
   1.1078764767700000E-002 -0.16329334007200000     
   1.1219850632500000E-002 -0.16537278029499999     
   1.1362711139100000E-002 -0.16747837402700000     
   1.1507368609699999E-002 -0.16961045013800000     
   1.1653845647200000E-002 -0.17176934162999999     
   1.1802165139100000E-002 -0.17395538568999999     
   1.1952350260500001E-002 -0.17616892374400001     
   1.2104424478100000E-002 -0.17841030150500001     
   1.2258411554000001E-002 -0.18067986903200001     
   1.2414335548800001E-002 -0.18297798078300001     
   1.2572220826000000E-002 -0.18530499566799999     
   1.2732092055600001E-002 -0.18766127710800001     
   1.2893974217600000E-002 -0.19004719308900000     
   1.3057892606599999E-002 -0.19246311622100001     
   1.3223872835100001E-002 -0.19490942379500001     
   1.3391940837799999E-002 -0.19738649784199999     
   1.3562122875800000E-002 -0.19989472519300000     
   1.3734445540300001E-002 -0.20243449753500001     
   1.3908935757100000E-002 -0.20500621148100001     
   1.4085620790600000E-002 -0.20761026862099999     
   1.4264528248300001E-002 -0.21024707559100000     
   1.4445686084700000E-002 -0.21291704413599999     
   1.4629122606200000E-002 -0.21562059117099999     
   1.4814866475100000E-002 -0.21835813884800001     
   1.5002946714300001E-002 -0.22113011461900001     
   1.5193392711599999E-002 -0.22393695130600000     
   1.5386234224700000E-002 -0.22677908716600001     
   1.5581501385399999E-002 -0.22965696595999999     
   1.5779224704600001E-002 -0.23257103702099999     
   1.5979435077100000E-002 -0.23552175532299999     
   1.6182163785900001E-002 -0.23850958155300001     
   1.6387442508100002E-002 -0.24153498218300001     
   1.6595303318599999E-002 -0.24459842954100000     
   1.6805778696400001E-002 -0.24770040188400000     
   1.7018901528400000E-002 -0.25084138347500001     
   1.7234705115700001E-002 -0.25402186465200000     
   1.7453223177900001E-002 -0.25724234191200002     
   1.7674489859000001E-002 -0.26050331798100002     
   1.7898539732300000E-002 -0.26380530189700002     
   1.8125407806099999E-002 -0.26714880908299998     
   1.8355129529000001E-002 -0.27053436143400000     
   1.8587740795400001E-002 -0.27396248739300000     
   1.8823277951400000E-002 -0.27743372203299999     
   1.9061777799999999E-002 -0.28094860714100001     
   1.9303277607499999E-002 -0.28450769130199999     
   1.9547815108600000E-002 -0.28811152998299999     
   1.9795428512700001E-002 -0.29176068561899998     
   2.0046156510099999E-002 -0.29545572770200002     
   2.0300038277500002E-002 -0.29919723286400002     
   2.0557113484400001E-002 -0.30298578497299999     
   2.0817422299200000E-002 -0.30682197521499999     
   2.1081005396000000E-002 -0.31070640219300000     
   2.1347903959900001E-002 -0.31463967201600002     
   2.1618159694500001E-002 -0.31862239839099998     
   2.1891814827700001E-002 -0.32265520271999998     
   2.2168912118800000E-002 -0.32673871419500000     
   2.2449494864699999E-002 -0.33087356989599997     
   2.2733606906999999E-002 -0.33506041488799998     
   2.3021292639000001E-002 -0.33929990231800000     
   2.3312597011999999E-002 -0.34359269352200000     
   2.3607565542900000E-002 -0.34793945811999999     
   2.3906244321200001E-002 -0.35234087412499998     
   2.4208680016000000E-002 -0.35679762804100001     
   2.4514919883599998E-002 -0.36131041497400002     
   2.4825011774500000E-002 -0.36587993873699998     
   2.5139004141199999E-002 -0.37050691195600000     
   2.5456946045700000E-002 -0.37519205618200002     
   2.5778887167000001E-002 -0.37993610200200001     
   2.6104877809100001E-002 -0.38473978914800000     
   2.6434968908700000E-002 -0.38960386661399998     
   2.6769212043300000E-002 -0.39452909276900000     
   2.7107659438799999E-002 -0.39951623547300003     
   2.7450363978600002E-002 -0.40456607219599999     
   2.7797379210800000E-002 -0.40967939013400001     
   2.8148759357300001E-002 -0.41485698633399998     
   2.8504559321899998E-002 -0.42009966781100000     
   2.8864834699099999E-002 -0.42540825167399998     
   2.9229641782699999E-002 -0.43078356525099998     
   2.9599037574600001E-002 -0.43622644621500001     
   2.9973079793500002E-002 -0.44173774270999999     
   3.0351826884300000E-002 -0.44731831348200002     
   3.0735338027100000E-002 -0.45296902801000000     
   3.1123673146100001E-002 -0.45869076663600000     
   3.1516892919700001E-002 -0.46448442070300000     
   3.1915058789099997E-002 -0.47035089268600000     
   3.2318232968600001E-002 -0.47629109633400002     
   3.2726478454999999E-002 -0.48230595680200000     
   3.3139859037499997E-002 -0.48839641079899998     
   3.3558439307600003E-002 -0.49456340672499999     
   3.3982284669299999E-002 -0.50080790481399995     
   3.4411461349399999E-002 -0.50713087728399997     
   3.4846036407500003E-002 -0.51353330848099998     
   3.5286077747000003E-002 -0.52001619502499996     
   3.5731654125100001E-002 -0.52658054596799997     
   3.6182835164100001E-002 -0.53322738293700001     
   3.6639691361899998E-002 -0.53995774029499999     
   3.7102294103300001E-002 -0.54677266529400004     
   3.7570715670800003E-002 -0.55367321823299998     
   3.8045029256399999E-002 -0.56066047261600005     
   3.8525308972299999E-002 -0.56773551531499999     
   3.9011629863400003E-002 -0.57489944673200000     
   3.9504067918300002E-002 -0.58215338096299996     
   4.0002700081400000E-002 -0.58949844596699996     
   4.0507604264999997E-002 -0.59693578373300005     
   4.1018859361399998E-002 -0.60446655044999997     
   4.1536545255200001E-002 -0.61209191668100005     
   4.2060742835999997E-002 -0.61981306753599996     
   4.2591534010699997E-002 -0.62763120284800000     
   4.3129001716400002E-002 -0.63554753735299996     
   4.3673229933599997E-002 -0.64356330086799995     
   4.4224303699000003E-002 -0.65167973847700000     
   4.4782309119200003E-002 -0.65989811070899995     
   4.5347333383400003E-002 -0.66821969373000001     
   4.5919464777999998E-002 -0.67664577952899996     
   4.6498792699600000E-002 -0.68517767610900004     
   4.7085407669400003E-002 -0.69381670767699999     
   4.7679401347099998E-002 -0.70256421484099996     
   4.8280866545600001E-002 -0.71142155480799996     
   4.8889897244899998E-002 -0.72039010157600003     
   4.9506588607299999E-002 -0.72947124614500003     
   5.0131036992200000E-002 -0.73866639671000001     
   5.0763339970800000E-002 -0.74797697887199999     
   5.1403596341800001E-002 -0.75740443584299999     
   5.2051906146500002E-002 -0.76695022865700002     
   5.2708370684700002E-002 -0.77661583637900000     
   5.3373092530199999E-002 -0.78640275632099998     
   5.4046175547299999E-002 -0.79631250425699995     
   5.4727724906499998E-002 -0.80634661464299995     
   5.5417847101300002E-002 -0.81650664083199997     
   5.6116649964699998E-002 -0.82679415530400002     
   5.6824242685999997E-002 -0.83721074988400002     
   5.7540735828100001E-002 -0.84775803597499999     
   5.8266241344399998E-002 -0.85843764478100004     
   5.9000872596699998E-002 -0.86925122754600004     
   5.9744744372699998E-002 -0.88020045578100004     
   6.0497972903700001E-002 -0.89128702150200001     
   6.1260675883300003E-002 -0.90251263747199995     
   6.2032972485300000E-002 -0.91387903743599996     
   6.2814983382800005E-002 -0.92538797636699999     
   6.3606830766400002E-002 -0.93704123071199996     
   6.4408638364000001E-002 -0.94884059863600001     
   6.5220531459599995E-002 -0.96078790027500005     
   6.6042636913100000E-002 -0.97288497798399998     
   6.6875083180199996E-002 -0.98513369659700001     
   6.7718000332399997E-002 -0.99753594367599996     
   6.8571520077100004E-002  -1.0100936297800001     
   6.9435775778599995E-002  -1.0228086887000001     
   7.0310902478600001E-002  -1.0356830777799999     
   7.1197036917300005E-002  -1.0487187780900000     
   7.2094317555099999E-002  -1.0619177948000000     
   7.3002884593900003E-002  -1.0752821573600000     
   7.3922879999300001E-002  -1.0888139198300000     
   7.4854447522199996E-002  -1.1025151611199999     
   7.5797732722099997E-002  -1.1163879852700000     
   7.6752882989100005E-002  -1.1304345217700000     
   7.7720047567500006E-002  -1.1446569257700001     
   7.8699377578700005E-002  -1.1590573784200000     
   7.9691026045000002E-002  -1.1736380871300001     
   8.0695147913400003E-002  -1.1884012858599999     
   8.1711900080100000E-002  -1.2033492353999999     
   8.2741441414699995E-002  -1.2184842236800000     
   8.3783932785100004E-002  -1.2338085660500000     
   8.4839537082600003E-002  -1.2493246055600000     
   8.5908419247599996E-002  -1.2650347132999999     
   8.6990746295199997E-002  -1.2809412886300000     
   8.8086687341100006E-002  -1.2970467595599999     
   8.9196413628299998E-002  -1.3133535829700000     
   9.0320098553799993E-002  -1.3298642449700000     
   9.1457917695699997E-002  -1.3465812611900001     
   9.2610048840600007E-002  -1.3635071770700000     
   9.3776672011200005E-002  -1.3806445681799999     
   9.4957969494899999E-002  -1.3979960405400000     
   9.6154125871699997E-002  -1.4155642309000001     
   9.7365328043499996E-002  -1.4333518070700000     
   9.8591765263200001E-002  -1.4513614682400000     
   9.9833629164000001E-002  -1.4695959452700000     
  0.10109111379000001       -1.4880580010200000     
  0.10236441562500000       -1.5067504306699999     
  0.10365373362499999       -1.5256760620200001     
  0.10495926925000000       -1.5448377558099999     
  0.10628122649100000       -1.5642384060400001     
  0.10761981190700000       -1.5838809402900000     
  0.10897523465500000       -1.6037683200499999     
  0.11034770652299999       -1.6239035410100000     
  0.11173744196099999       -1.6442896333699999     
  0.11314465811900000       -1.6649296622100000     
  0.11456957487699999       -1.6858267277600001     
  0.11601241488200000       -1.7069839657400001     
  0.11747340358000000       -1.7284045476600001     
  0.11895276925300000       -1.7500916811500000     
  0.12045074305600000       -1.7720486102699999     
  0.12196755904999999       -1.7942786158099999     
  0.12350345424000000       -1.8167850156400001     
  0.12505866861300000       -1.8395711649599999     
  0.12663344517500000       -1.8626404566799999     
  0.12822802998800001       -1.8859963216700000     
  0.12984267220800000       -1.9096422290899999     
  0.13147762412799999       -1.9335816866900000     
  0.13313314121100001       -1.9578182411200000     
  0.13480948213499999       -1.9823554781899999     
  0.13650690883200001       -2.0071970232099998     
  0.13822568652900000       -2.0323465412599999     
  0.13996608378799999       -2.0578077374500001     
  0.14172837254900000       -2.0835843572599999     
  0.14351282817399999       -2.1096801867499999     
  0.14531972948800001       -2.1360990529100001     
  0.14714935882300001       -2.1628448238500000     
  0.14900200206100001       -2.1899214091000001     
  0.15087794868200000       -2.2173327598800001     
  0.15277749180799999       -2.2450828693300000     
  0.15470092824400000       -2.2731757727300002     
  0.15664855853199999       -2.3016155478000000     
  0.15862068699400000       -2.3304063148699998     
  0.16061762177800001       -2.3595522371100000     
  0.16263967490900000       -2.3890575207700002     
  0.16468716233700001       -2.4189264153500001     
  0.16676040398700001       -2.4491632138099999     
  0.16885972380700001       -2.4797722527400001     
  0.17098544981899999       -2.5107579125399999     
  0.17313791417300001       -2.5421246175999999     
  0.17531745319500000       -2.5738768363800002     
  0.17752440744400000       -2.6060190816200000     
  0.17975912175900000       -2.6385559104200000     
  0.18202194531999999       -2.6714919243600002     
  0.18431323169800001       -2.7048317695700002     
  0.18663333891000000       -2.7385801368400000     
  0.18898262947899999       -2.7727417616499999     
  0.19136147048499999       -2.8073214242100000     
  0.19377023362699999       -2.8423239495099999     
  0.19620929528000000       -2.8777542072900002     
  0.19867903655100000       -2.9136277056100002     
  0.20117984334399999       -2.9499277058400000     
  0.20371210641300000       -2.9866702868699999     
  0.20627622143100000       -3.0238604959800002     
  0.20887258904600001       -3.0615034248400002     
  0.21150161494399999       -3.0996042093899998     
  0.21416370991799999       -3.1381680296600001     
  0.21685928992400000       -3.1772001095800002     
  0.21958877615200001       -3.2167057167799999     
  0.22235259509100000       -3.2566901622700000     
  0.22515117859299999       -3.2971588001800001     
  0.22798496394100001       -3.3381170274500001     
  0.23085439392099999       -3.3795702834100001     
  0.23375991688700001       -3.4215240494199999     
  0.23670198683300001       -3.4639838483999998     
  0.23968106346300000       -3.5069552443499998     
  0.24269761226400000       -3.5504438417799999     
  0.24575210457800001       -3.5944552851800000     
  0.24884501767600001       -3.6389952583300000     
  0.25197683483099997       -3.6840694836400001     
  0.25514804539600000       -3.7296837213999998     
  0.25835914488000000       -3.7758437689800002     
  0.26161063502300003       -3.8225554599599998     
  0.26490302387699999       -3.8698246632200002     
  0.26823682588499997       -3.9176572819000000     
  0.27161256196000000       -3.9660592524000000     
  0.27503075956799999       -4.0150365431699999     
  0.27849195280799999       -4.0645951535500000     
  0.28199668249999998       -4.1147411124300000     
  0.28554549626499998       -4.1654804768800000     
  0.28913894861099998       -4.2168193306599999     
  0.29277760102400002       -4.2687637826599998     
  0.29646202205000000       -4.3213199652199998     
  0.30019278738700000       -4.3744940323500003     
  0.30397047997499999       -4.4282921578299996     
  0.30779569008600000       -4.4827205332400002     
  0.31166901541800002       -4.5377853657699996     
  0.31559106118399999       -4.5934928760500000     
  0.31956244021300001       -4.6498492956700002     
  0.32358377304000002       -4.7068608647200003     
  0.32765568800799999       -4.7645338290700003     
  0.33177882136100001       -4.8228744375400003     
  0.33595381734599999       -4.8818889389100004     
  0.34018132831699999       -4.9415835787300004     
  0.34446201482900002       -5.0019645959999997     
  0.34879654575000002       -5.0630382195900001     
  0.35318559835699997       -5.1248106645200000     
  0.35762985845000000       -5.1872881279899996     
  0.36213002045300002       -5.2504767852400001     
  0.36668678752599998       -5.3143827851000003     
  0.37130087167199999       -5.3790122453900002     
  0.37597299385299998       -5.4443712480100004     
  0.38070388409599998       -5.5104658337699997     
  0.38549428161200000       -5.5773019969200002     
  0.39034493491200001       -5.6448856794699998     
  0.39525660191899997       -5.7132227651100003     
  0.40023005009099999       -5.7823190728500000     
  0.40526605654100001       -5.8521803503000003     
  0.41036540815299999       -5.9228122666600003     
  0.41552890171300000       -5.9942204052700001     
  0.42075734402600001       -6.0664102557700001     
  0.42605155204700002       -6.1393872059300003     
  0.43141235300699998       -6.2131565330000003     
  0.43684058454300001       -6.2877233946000004     
  0.44233709482500000       -6.3630928192300003     
  0.44790274269600000       -6.4392696961800002     
  0.45353839779900001       -6.5162587650699999     
  0.45924494071700001       -6.5940646047499998     
  0.46502326310800002       -6.6726916217000003     
  0.47087426784800002       -6.7521440379000000     
  0.47679886916699998       -6.8324258780099996     
  0.48279799279600000       -6.9135409560400003     
  0.48887257611200002       -6.9954928612899998     
  0.49502356827900001       -7.0782849436599999     
  0.50125193040299998       -7.1619202982800001     
  0.50755863567899995       -7.2464017494000004     
  0.51394466954100004       -7.3317318335300001     
  0.52041102981999998       -7.4179127818100001     
  0.52695872689900003       -7.5049465016300001     
  0.53358878386800002       -7.5928345573299998     
  0.54030223668800004       -7.6815781501300000     
  0.54710013434899996       -7.7711780971500000     
  0.55398353903499997       -7.8616348094899999     
  0.56095352629499995       -7.9529482694800002     
  0.56801118520100002       -8.0451180068300001     
  0.57515761852799996       -8.1381430739299994     
  0.58239394291900004       -8.2320220200600005     
  0.58972128906700005       -8.3267528645799995     
  0.59714080188300001       -8.4223330691099996     
  0.60465364068200000       -8.5187595085899996     
  0.61226097935900003       -8.6160284412999992     
  0.61996400657700002       -8.7141354776900002     
  0.62776392594999997       -8.8130755481899996     
  0.63566195623099997       -8.9128428698099995     
  0.64365933150300003       -9.0134309116400004     
  0.65175730137200005       -9.1148323591599993     
  0.65995713116200005       -9.2170390774400008     
  0.66826010211499998       -9.3200420732100007     
  0.67666751158500005       -9.4238314556800002     
  0.68518067324800003       -9.5283963963999998     
  0.69380091730200000       -9.6337250878400003     
  0.70252959067800003       -9.7398047009899997     
  0.71136805724899999       -9.8466213418699997     
  0.72031769804400003       -9.9541600070099996     
  0.72937991146199999       -10.062404537899999     
  0.73855611349200001       -10.171337574800001     
  0.74784773793500003       -10.280940508900001     
  0.75725623662499997       -10.391193434900000     
  0.76678307966100001       -10.502075101899999     
  0.77642975562899996       -10.613562863800000     
  0.78619777184399997       -10.725632629600000     
  0.79608865457800004       -10.838258812999999     
  0.80610394930100004       -10.951414281600000     
  0.81624522092300000       -11.065070306300001     
  0.82651405403900002       -11.179196510300001     
  0.83691205317399997       -11.293760818999999     
  0.84744084303800005       -11.408729408899999     
  0.85810206877499995       -11.524066659000001     
  0.86889739622300000       -11.639735100999999     
  0.87982851217400004       -11.755695371900000     
  0.89089712463799997       -11.871906167600001     
  0.90210496310699995       -11.988324197300001     
  0.91345377882900003       -12.104904140900000     
  0.92494534508000004       -12.221598607400001     
  0.93658145743999999       -12.338358097000000     
  0.94836393407499997       -12.455130964800000     
  0.96029461602199995       -12.571863388400001     
  0.97237536747300002       -12.688499339500000     
  0.98460807607099998       -12.804980558100000     
  0.99699465320199998       -12.921246533200000     
   1.0095370342900001       -13.037234486199999     
   1.0222371791200000       -13.152879361700000     
   1.0350970720999999       -13.268113823000000     
   1.0481187226199999       -13.382868254300000     
   1.0613041653399999       -13.497070770000001     
   1.0746554605100000       -13.610647231800000     
   1.0881746942999999       -13.723521273799999     
   1.1018639791200000       -13.835614335700001     
   1.1157254539499999       -13.946845706700000     
   1.1297612846600000       -14.057132578699999     
   1.1439736643900000       -14.166390109900000     
   1.1583648138500000       -14.274531501000000     
   1.1729369816899999       -14.381468082300000     
   1.1876924448299999       -14.487109414500001     
   1.2026335088500000       -14.591363403000001     
   1.2177625083200001       -14.694136425900000     
   1.2330818071800000       -14.795333478300000     
   1.2485937991000000       -14.894858331400000     
   1.2643009078500000       -14.992613708700000     
   1.2802055877100000       -15.088501479800000     
   1.2963103238200000       -15.182422871900000     
   1.3126176325700001       -15.274278700700000     
   1.3291300620099999       -15.363969620600001     
   1.3458501922499999       -15.451298292700001     
   1.3627806358300001       -15.536306011500001     
   1.3799240381800000       -15.618850560500000     
   1.3972830779800001       -15.698834951200000     
   1.4148604676200001       -15.776163619500000     
   1.4326589536100001       -15.850742808500000     
   1.4506813169899999       -15.922480973900001     
   1.4689303737999999       -15.991289213200000     
   1.4874089754800000       -16.057081718799999     
   1.5061200093600000       -16.119776253600001     
   1.5250663990700000       -16.179294650599999     
   1.5442511050300001       -16.235563333999998     
   1.5636771248800001       -16.288513861799998     
   1.5833474939800001       -16.338083489399999     
   1.6032652858600001       -16.384215751100001     
   1.6234336127300000       -16.426861058499998     
   1.6438556259099999       -16.465977313100002     
   1.6645345164000001       -16.501530531099998     
   1.6854735153100000       -16.533495475300001     
   1.7066758944100000       -16.561856291300000     
   1.7281449665999999       -16.586607143599998     
   1.7498840864800000       -16.607752845400000     
   1.7718966508200000       -16.625309476700000     
   1.7941860991400000       -16.639304983500001     
   1.8167559142000000       -16.649779751499999     
   1.8396096225800000       -16.656787144500001     
   1.8627507952300000       -16.660394000099998     
   1.8861830479999999       -16.660681070199999     
   1.9099100422299999       -16.657743398400001     
   1.9339354852999999       -16.651690620299998     
   1.9582631312500001       -16.642647175400000     
   1.9828967813000000       -16.630752416499998     
   2.0078402845399999       -16.616160604600001     
   2.0330975384199999       -16.599040771799999     
   2.0586724894400001       -16.579576441099999     
   2.0845691337500001       -16.557965184899999     
   2.1107915177400001       -16.534418008300001     
   2.1373437387099998       -16.509158541700000     
   2.1642299455199998       -16.482422028900000     
   2.1914543391699999       -16.454454093900001     
   2.2190211735399998       -16.425509276400000     
   2.2469347559899999       -16.395849321200000     
   2.2751994481000000       -16.365741212700001     
   2.3038196662599999       -16.335454947300001     
   2.3327998824499998       -16.305261036400001     
   2.3621446248800000       -16.275427742100000     
   2.3918584787400001       -16.246218045999999     
   2.4219460868599998       -16.217886362300000     
   2.4524121505099998       -16.190675011200000     
   2.4832614300600002       -16.164810477300001     
   2.5144987457800001       -16.140499488200000     
   2.5461289785600001       -16.117924964200000     
   2.5781570707000001       -16.097241901099999     
   2.6105880266299999       -16.078573272400000     
   2.6434269137799999       -16.062006057000001     
   2.6766788632699998       -16.047587528299999     
   2.7103490708000000       -16.035321973799999     
   2.7444427974100001       -16.025168053000002     
   2.7789653702999999       -16.017037050999999     
   2.8139221836999999       -16.010792335200001     
   2.8493186996900000       -16.006250390300000     
   2.8851604490399998       -16.003183876200001     
   2.9214530320900001       -16.001327234800002     
   2.9582021196400001       -16.000320763800001     
   2.9954134538099999       -16.000032322199999     
   3.0330928489400000       -16.000000005499999     
   3.0712461925199999       -16.000000000699998     
   3.1098794460799999       -15.999999999100000     
   3.1489986461499999       -15.999999998300000     
   3.1886099051799999       -15.999999998000000     
   3.2287194125199998       -15.999999998000000     
   3.2693334353400001       -15.999999998100000     
   3.3104583196899999       -15.999999998300000     
   3.3521004913999999       -15.999999998600000     
   3.3942664571500001       -15.999999998800000     
   3.4369628054599999       -15.999999999000000     
   3.4801962077100002       -15.999999999200000     
   3.5239734192199998       -15.999999999300000     
   3.5683012802600000       -15.999999999500000     
   3.6131867171600001       -15.999999999600000     
   3.6586367433500002       -15.999999999700000     
   3.7046584604900001       -15.999999999700000     
   3.7512590595600002       -15.999999999800000     
   3.7984458220200001       -15.999999999800000     
   3.8462261208799999       -15.999999999900000     
   3.8946074219200000       -15.999999999900000     
   3.9435972848000000       -15.999999999900000     
   3.9932033642999998       -15.999999999900000     
   4.0434334114699997       -16.000000000000000     
   4.0942952748600003       -16.000000000000000     
   4.1457969017199998       -16.000000000000000     
   4.1979463393099996       -16.000000000000000     
   4.2507517360699998       -16.000000000000000     
   4.3042213429500000       -16.000000000000000     
   4.3583635146899997       -16.000000000000000     
   4.4131867111199998       -16.000000000000000     
   4.4686994984600004       -16.000000000000000     
   4.5249105507099996       -16.000000000000000     
   4.5818286509600004       -16.000000000000000     
   4.6394626927699996       -16.000000000000000     
   4.6978216815799998       -16.000000000000000     
   4.7569147361099997       -16.000000000000000     
   4.8167510897600003       -16.000000000000000     
   4.8773400920899999       -16.000000000000000     
   4.9386912102400000       -16.000000000000000     
   5.0008140304599999       -16.000000000000000     
   5.0637182595699999       -16.000000000000000     
   5.1274137264700004       -16.000000000000000     
   5.1919103837199998       -16.000000000000000     
   5.2572183090399998       -16.000000000000000     
   5.3233477069399999       -16.000000000000000     
   5.3903089102599999       -16.000000000000000     
   5.4581123818400004       -16.000000000000000     
   5.5267687161000003       -16.000000000000000     
   5.5962886407300001       -16.000000000000000     
   5.6666830183599997       -16.000000000000000     
   5.7379628482599996       -16.000000000000000     
   5.8101392680500004       -16.000000000000000     
   5.8832235554399999       -16.000000000000000     
   5.9572271299899997       -16.000000000000000     
   6.0321615549200001       -16.000000000000000     
   6.1080385388899998       -16.000000000000000     
   6.1848699378100003       -16.000000000000000     
   6.2626677567700000       -16.000000000000000     
   6.3414441518200002       -16.000000000000000     
   6.4212114319499998       -16.000000000000000     
   6.5019820609299996       -16.000000000000000     
   6.5837686593600004       -16.000000000000000     
   6.6665840065599999       -16.000000000000000     
   6.7504410425900003       -16.000000000000000     
   6.8353528702800004       -16.000000000000000     
   6.9213327572800001       -16.000000000000000     
   7.0083941381199999       -16.000000000000000     
   7.0965506163300001       -16.000000000000000     
   7.1858159665199999       -16.000000000000000     
   7.2762041365899996       -16.000000000000000     
   7.3677292498800000       -16.000000000000000     
   7.4604056073800002       -16.000000000000000     
   7.5542476899400004       -16.000000000000000     
   7.6492701605900004       -16.000000000000000     
   7.7454878667899996       -16.000000000000000     
   7.8429158427400001       -16.000000000000000     
   7.9415693117600004       -16.000000000000000     
   8.0414636886699995       -16.000000000000000     
   8.1426145821499993       -16.000000000000000     
   8.2450377972400002       -16.000000000000000     
   8.3487493377900002       -16.000000000000000     
   8.4537654089200007       -16.000000000000000     
   8.5601024196100006       -16.000000000000000     
   8.6677769852300006       -16.000000000000000     
   8.7768059301699992       -16.000000000000000     
   8.8872062904000000       -16.000000000000000     
   8.9989953162200003       -16.000000000000000     
   9.1121904748699993       -16.000000000000000     
   9.2268094533500005       -16.000000000000000     
   9.3428701610899996       -16.000000000000000     
   9.4603907328200005       -16.000000000000000     
   9.5793895313699995       -16.000000000000000     
   9.6998851505400001       -16.000000000000000     
   9.8218964180100006       -16.000000000000000     
   9.9454423983000009       -16.000000000000000     
   10.070542395700000       -16.000000000000000     
   10.197215957399999       -16.000000000000000     
   10.325482876300001       -16.000000000000000     
   10.455363194500000       -16.000000000000000     
   10.586877205900000       -16.000000000000000     
   10.720045460000000       -16.000000000000000     
   10.854888764500000       -16.000000000000000     
   10.991428188900001       -16.000000000000000     
   11.129685067900001       -16.000000000000000     
   11.269681004400001       -16.000000000000000     
   11.411437872900001       -16.000000000000000     
   11.554977823400000       -16.000000000000000     
   11.700323284100000       -16.000000000000000     
   11.847496965700000       -16.000000000000000     
   11.996521864400000       -16.000000000000000     
   12.147421265400000       -16.000000000000000     
   12.300218747300001       -16.000000000000000     
   12.454938184900000       -16.000000000000000     
   12.611603753500001       -16.000000000000000     
   12.770239932300001       -16.000000000000000     
   12.930871508599999       -16.000000000000000     
   13.093523581400000       -16.000000000000000     
   13.258221565500000       -16.000000000000000     
   13.424991195100000       -16.000000000000000     
   13.593858528400000       -16.000000000000000     
   13.764849951400000       -16.000000000000000     
   13.937992181600000       -16.000000000000000     
   14.113312273000000       -16.000000000000000     
   14.290837619600000       -16.000000000000000     
   14.470595960300001       -16.000000000000000     
   14.652615382500001       -16.000000000000000     
   14.836924327200000       -16.000000000000000     
   15.023551593000001       -16.000000000000000     
   15.212526340800000       -16.000000000000000     
   15.403878098400000       -16.000000000000000     
   15.597636764700001       -16.000000000000000     
   15.793832615099999       -16.000000000000000     
   15.992496305400000       -16.000000000000000     
   16.193658877400001       -16.000000000000000     
   16.397351763000000       -16.000000000000000     
   16.603606789699999       -16.000000000000000     
   16.812456185300000       -16.000000000000000     
   17.023932582800001       -16.000000000000000     
   17.238069026000002       -16.000000000000000     
   17.454898974100001       -16.000000000000000     
   17.674456307100002       -16.000000000000000     
   17.896775331499999       -16.000000000000000     
   18.121890784900000       -16.000000000000000     
   18.349837842100001       -16.000000000000000     
   18.580652120300002       -16.000000000000000     
   18.814369684799999       -16.000000000000000     
   19.051027054300000       -16.000000000000000     
   19.290661206999999       -16.000000000000000     
   19.533309586400001       -16.000000000000000     
   19.779010106600001       -16.000000000000000     
   20.027801158900001       -16.000000000000000     
   20.279721617400000       -16.000000000000000     
   20.534810845199999       -16.000000000000000     
   20.793108700400001       -16.000000000000000     
   21.054655542799999       -16.000000000000000     
   21.319492239399999       -16.000000000000000     
   21.587660171500001       -16.000000000000000     
   21.859201241099999       -16.000000000000000     
   22.134157876700002       -16.000000000000000     
   22.412573041100000       -16.000000000000000     
   22.694490237200000       -16.000000000000000     
   22.979953514999998       -16.000000000000000     
   23.269007478900001       -16.000000000000000     
   23.561697293999998       -16.000000000000000     
   23.858068693800000       -16.000000000000000     
   24.158167986900001       -16.000000000000000     
   24.462042064399999       -16.000000000000000     
   24.769738407199998       -16.000000000000000     
   25.081305093600001       -16.000000000000000     
   25.396790806500000       -16.000000000000000     
   25.716244841100000       -16.000000000000000     
   26.039717112799998       -16.000000000000000     
   26.367258164799999       -16.000000000000000     
   26.698919176000000       -16.000000000000000     
   27.034751969199998       -16.000000000000000     
   27.374809018899999       -16.000000000000000     
   27.719143459800001       -16.000000000000000     
   28.067809094699999       -16.000000000000000     
   28.420860403399999       -16.000000000000000     
   28.778352550899999       -16.000000000000000     
   29.140341396000000       -16.000000000000000     
   29.506883500299999       -16.000000000000000     
   29.878036136700000       -16.000000000000000     
   30.253857298500002       -16.000000000000000     
   30.634405708599999       -16.000000000000000     
   31.019740828500002       -16.000000000000000     
   31.409922867500001       -16.000000000000000     
   31.805012792300001       -16.000000000000000     
   32.205072336599997       -16.000000000000000     
   32.610164010500000       -16.000000000000000     
   33.020351110400000       -16.000000000000000     
   33.435697728900003       -16.000000000000000     
   33.856268764699998       -16.000000000000000     
   34.282129932799997       -16.000000000000000     
   34.713347775000003       -16.000000000000000     
   35.149989669999997       -16.000000000000000     
   35.592123843899998       -16.000000000000000     
   36.039819381000001       -16.000000000000000     
   36.493146234800001       -16.000000000000000     
   36.952175238499997       -16.000000000000000     
   37.416978116199999       -16.000000000000000     
   37.887627494400000       -16.000000000000000     
   38.364196912899999       -16.000000000000000     
   38.846760836900003       -16.000000000000000     
   39.335394667700001       -16.000000000000000     
   39.830174755500003       -16.000000000000000     
   40.331178410699998       -16.000000000000000     
   40.838483916100003       -16.000000000000000     
   41.352170539200003       -16.000000000000000     
   41.872318544599999       -16.000000000000000     
   42.399009206400002       -16.000000000000000     
   42.932324821300000       -16.000000000000000     
   43.472348720699998       -16.000000000000000     
   44.019165284600000       -16.000000000000000     
   44.572859954199998       -16.000000000000000     
   45.133519245300000       -16.000000000000000     
   45.701230762100003       -16.000000000000000     
   46.276083210800003       -16.000000000000000     
   46.858166413100001       -16.000000000000000     
   47.447571320800002       -16.000000000000000     
   48.044390029500001       -16.000000000000000     
   48.648715793500003       -16.000000000000000     
   49.260643039700000       -16.000000000000000     
   49.880267383200000       -16.000000000000000     
   50.507685641499997       -16.000000000000000     
   51.142995849899997       -16.000000000000000     
   51.786297277000003       -16.000000000000000     
   52.437690439999997       -16.000000000000000     
   53.097277120199998       -16.000000000000000     
   53.765160379599997       -16.000000000000000     
   54.441444576199999       -16.000000000000000     
   55.126235380700003       -16.000000000000000     
   55.819639793199997       -16.000000000000000     
   56.521766159499997       -16.000000000000000     
   57.232724188299997       -16.000000000000000     
   57.952624968199999       -16.000000000000000     
   58.681580985200000       -16.000000000000000     
   59.419706140099997       -16.000000000000000     
   60.167115766499997       -16.000000000000000     
   60.923926648699997       -16.000000000000000     
   61.690257039899997       -16.000000000000000     
   62.466226680699997       -16.000000000000000     
   63.251956818099998       -16.000000000000000     
   64.047570223999998       -16.000000000000000     
   64.853191214500001       -16.000000000000000     
   65.668945669600006       -16.000000000000000     
   66.494961052600004       -16.000000000000000     
   67.331366430000003       -16.000000000000000     
   68.178292491999997       -16.000000000000000     
   69.035871572399998       -16.000000000000000     
   69.904237669699995       -16.000000000000000     
   70.783526467800002       -16.000000000000000     
   71.673875357599997       -16.000000000000000     
   72.575423457599996       -16.000000000000000     
   73.488311636800006       -16.000000000000000     
   74.412682535700000       -16.000000000000000     
   75.348680589099999       -16.000000000000000     
   76.296452048700004       -16.000000000000000     
   77.256145005700006       -16.000000000000000     
   78.227909413999996       -16.000000000000000     
   79.211897113899994       -16.000000000000000     
   80.208261855299995       -16.000000000000000     
   81.217159322399993       -16.000000000000000     
   82.238747157399999       -16.000000000000000     
   83.273184985399993       -16.000000000000000     
   84.320634439499997       -16.000000000000000     
   85.381259185900007       -16.000000000000000     
   86.455224949200002       -16.000000000000000     
   87.542699538799994       -16.000000000000000     
   88.643852874800004       -16.000000000000000     
   89.758857014699998       -16.000000000000000     
   90.887886180199999       -16.000000000000000     
   92.031116784299996       -16.000000000000000     
   93.188727459199995       -16.000000000000000     
   94.360899083800007       -16.000000000000000     
   95.547814812400006       -16.000000000000000     
   96.749660102999997       -16.000000000000000     
   97.966622746400006       -16.000000000000000     
   99.198892895300006       -16.000000000000000     
   100.44666309500001       -16.000000000000000     
   101.71012831100001       -16.000000000000000     
   102.98948596300001       -16.000000000000000     
   104.28493595400001       -16.000000000000000     
   105.59668069900000       -16.000000000000000     
   106.92492516199999       -16.000000000000000     
   108.26987688400000       -16.000000000000000     
   109.63174601599999       -16.000000000000000     
   111.01074535300000       -16.000000000000000     
   112.40709036600001       -16.000000000000000     
   113.82099923700000       -16.000000000000000     
   115.25269289200000       -16.000000000000000     
   116.70239503700000       -16.000000000000000     
