   0.0000000000000000          0.0000000000000000     
   2.2521317653856465E-003     3.6070322310726664E-004
   2.5899087369644432E-003     4.1480181189768359E-004
   2.9783384564791189E-003     4.7701295785299816E-004
   3.4250143878994492E-003     5.4855282103350930E-004
   3.9386675810570461E-003     6.3081975011021203E-004
   4.5293368475711367E-003     7.2542153366604968E-004
   5.2085643144045898E-003     8.3420671380420985E-004
   5.9896201138354760E-003     9.5930056293154356E-004
   6.8877605170721400E-003     1.1031464118304636E-003
   7.9205244445223130E-003     1.2685531164563265E-003
   9.1080739988758166E-003     1.4587495637453460E-003
   1.0473585478710823E-002     1.6774472446152995E-003
   1.2043698252316416E-002     1.9289120668452332E-003
   1.3849029916818554E-002     2.2180467431532759E-003
   1.5924767350297769E-002     2.5504852719145121E-003
   1.8311344598783856E-002     2.9327012306006209E-003
   2.1055220040424046E-002     3.3721318255690762E-003
   2.4209766950038129E-002     3.8773198856565530E-003
   2.7836293461852096E-002     4.4580762488065492E-003
   3.2005210007316917E-002     5.1256652657174322E-003
   3.6797364595556825E-002     5.8930164233668971E-003
   4.2305568807076394E-002     6.7749653591864549E-003
   4.8636340078798329E-002     7.7885277697899305E-003
   5.5911888749308247E-002     8.9532098792197631E-003
   6.4272381368309234E-002     1.0291359164258190E-002
   7.3878514890050123E-002     1.1828558853664184E-002
   8.4914439470076472E-002     1.3594069184063487E-002
   9.7591070527495938E-002     1.5621317284061867E-002
  0.11214983332358713          1.7948435718985589E-002
  0.12886688527168544          2.0618846625958351E-002
  0.14805786217089911          2.3681883395615107E-002
  0.17008319407215619          2.7193434269663232E-002
  0.19535403392758488          3.1216580732585784E-002
  0.22433883677090255          3.5822186508989079E-002
  0.25757061797293967          4.1089367968391709E-002
  0.29565490496164715          4.7105740582160875E-002
  0.33927837634173563          5.3967284515391470E-002
  0.38921815407371285          6.1777600017524421E-002
  0.44635167664144382          7.0646223368831390E-002
  0.51166703232238331          8.0685539343624435E-002
  0.58627357034460092          9.2005649476323795E-002
  0.67141253293007241         0.10470633289674870     
  0.76846736294581475         0.11886497222115150     
  0.87897324151134781         0.13451903192991538     
   1.0046253009225183         0.15164142307736880     
   1.1472848469105439         0.17010697093888091     
   1.3089828202511047         0.18964840714291936     
   1.4919196445938250         0.20980113272748946     
   1.6984605623589926         0.22983787323095403     
   1.9311255737455750         0.24869781306661556     
   2.1925731862405309         0.26492039468263140     
   2.4855773719761798         0.27660195742710963     
   2.8129974293651085         0.28140322570491993     
   3.1777408530828337         0.27664521030792183     
   3.5827198152785593         0.25953581749599680     
   4.0308024138278871         0.22756206244961771     
   4.5247603944855328         0.17905435742446241     
   5.0672155333981461         0.11387329472532716     
   5.6605872017697765          3.4088483054893495E-002
   6.3070437630896112         -5.5566094183304070E-002
   7.0084603371907406        -0.14772291560392181     
   7.7663851014092611        -0.23311580530146542     
   8.5820157226921800        -0.30206219101378468     
   9.4561867946282341        -0.34645109829269805     
   10.389368379826360        -0.36170160555966074     
   11.381675024321146        -0.34801489158650289     
   12.432883996991215        -0.31038756449906368     
   13.542461067809828        -0.25728473841060356     
   14.709591897171146        -0.19840892316053918     
   15.933217057695469        -0.14236639879940169     
   17.212068819941273         -9.5022694301052785E-002
   18.544708061047153         -5.8967863188131922E-002
   19.929559953363345         -3.4005633881438756E-002
   21.364947415275299         -1.8215300270779642E-002
   22.849121623913334         -9.0598402307840425E-003
   24.380289175065016         -4.1832248785066417E-003
   25.956635715413348         -1.7930033118905215E-003
   27.576346060884944         -7.1345993314489745E-004
   29.237620953444999         -2.6362194103870775E-004
   30.938690702232439         -9.0486586047517671E-005
   32.677826010726221         -2.8867084746927856E-005
   34.453346317572027         -8.5647852200249179E-006
   36.263625982329003         -2.3651129782720554E-006
   38.107098635387935         -6.0838627526071139E-007
   39.982259989166792         -1.4591754458382401E-007
   41.887669379729026         -3.2664667451864580E-008
   43.821950277422772         -6.8322349336035746E-009
   45.783789974286108         -1.3367724552242983E-009
   47.771938626340400         -2.4495149812731239E-010
   49.785207801430801         -4.2088797710465387E-011
   51.822468658490124         -6.7899689717255011E-012
   53.882649862180031         -1.0297871069780166E-012
   55.964735317803800         -1.4702094188697283E-013
   58.067761795034876         -1.9785400183974920E-014
   60.190816495148894         -2.5132312876977424E-015
   62.333034604819801         -3.0174138424798974E-016
   64.493596869879156         -3.4288484954791103E-017
   66.671727214477244         -3.6929330091578884E-018
   68.866690424574898         -3.7751529207028659E-019
   71.077789909424098          0.0000000000000000     
   73.304365550450086          0.0000000000000000     
   75.545791643572471          0.0000000000000000     
   77.801474938333669          0.0000000000000000     
   80.070852775119604          0.0000000000000000     
   82.353391320157371          0.0000000000000000     
   84.648583896754658          0.0000000000000000     
   86.955949410346136          0.0000000000000000     
   89.275030864258909          0.0000000000000000     
   91.605393962660230          0.0000000000000000     
   93.946625796853027          0.0000000000000000     
   96.298333610922327          0.0000000000000000     
   98.660143642657602          0.0000000000000000     
   101.03170003568124          0.0000000000000000     
   103.41266381876864          0.0000000000000000     
   105.80271194844457          0.0000000000000000     
   108.20153641106882          0.0000000000000000     
   110.60884338077422          0.0000000000000000     
   113.02435242977994          0.0000000000000000     
   115.44779578777666          0.0000000000000000     
   117.87891764725153          0.0000000000000000     
   120.31747351179430          0.0000000000000000     
   122.76322958460057          0.0000000000000000     
   125.21596219455262          0.0000000000000000     
   127.67545725741951          0.0000000000000000     
   130.14150976987600          0.0000000000000000     
   132.61392333418701          0.0000000000000000     
   135.09250971154188          0.0000000000000000     
   137.57708840216196          0.0000000000000000     
   140.06748625042530          0.0000000000000000     
   142.56353707337149          0.0000000000000000     
   145.06508131106352          0.0000000000000000     
   147.57196569738358          0.0000000000000000     
   150.08404294993909          0.0000000000000000     
   152.60117147784280          0.0000000000000000     
   155.12321510622164          0.0000000000000000     
   157.65004281638133          0.0000000000000000     
   160.18152850062833          0.0000000000000000     
   162.71755073082235          0.0000000000000000     
   165.25799253979588          0.0000000000000000     
   167.80274121482742          0.0000000000000000     
   170.35168810242519          0.0000000000000000     
   172.90472842371466          0.0000000000000000     
   175.46176109978040          0.0000000000000000     
   178.02268858635040          0.0000000000000000     
   180.58741671725807          0.0000000000000000     
   183.15585455614473          0.0000000000000000     
   185.72791425591879          0.0000000000000000     
   188.30351092549580          0.0000000000000000     
   190.88256250340010          0.0000000000000000     
   193.46498963781499          0.0000000000000000     
   196.05071557270998          0.0000000000000000     
   198.63966603968925          0.0000000000000000     
   201.23176915523550          0.0000000000000000     
   203.82695532303256          0.0000000000000000     
   206.42515714108720          0.0000000000000000     
   209.02630931337126          0.0000000000000000     
   211.63034856573614          0.0000000000000000     
   214.23721356585872          0.0000000000000000     
   216.84684484699505          0.0000000000000000     
   219.45918473533641          0.0000000000000000     
   222.07417728076828          0.0000000000000000     
   224.69176819084598          0.0000000000000000     
   227.31190476782260          0.0000000000000000     
   229.93453584855294          0.0000000000000000     
   232.55961174713451          0.0000000000000000     
   235.18708420013212          0.0000000000000000     
   237.81690631425568          0.0000000000000000     
   240.44903251636003          0.0000000000000000     
   243.08341850565364          0.0000000000000000     
   245.72002120799380          0.0000000000000000     
   248.35879873217050          0.0000000000000000     
   250.99971032807639          0.0000000000000000     
   253.64271634666369          0.0000000000000000     
   256.28777820160326          0.0000000000000000     
   258.93485833256602          0.0000000000000000     
   261.58392017003484          0.0000000000000000     
   264.23492810158371          0.0000000000000000     
   266.88784743954898          0.0000000000000000     
   269.54264439002236          0.0000000000000000     
   272.19928602310915          0.0000000000000000     
   274.85774024438660          0.0000000000000000     
   277.51797576750755          0.0000000000000000     
   280.17996208789441          0.0000000000000000     
   282.84366945747581          0.0000000000000000     
   285.50906886041480          0.0000000000000000     
   288.17613198978461          0.0000000000000000     
   290.84483122514553          0.0000000000000000     
   293.51513961098988          0.0000000000000000     
   296.18703083600610          0.0000000000000000     
   298.86047921313093          0.0000000000000000     
   301.53545966035762          0.0000000000000000     
   304.21194768225735          0.0000000000000000     
   306.88991935219224          0.0000000000000000     
   309.56935129518416          0.0000000000000000     
   312.25022067141236          0.0000000000000000     
   314.93250516031532          0.0000000000000000     
   317.61618294526437          0.0000000000000000     
   320.30123269879397          0.0000000000000000     
   322.98763356835622          0.0000000000000000     
   325.67536516258491          0.0000000000000000     
   328.36440753804231          0.0000000000000000     
   331.05474118643241          0.0000000000000000     
   333.74634702225995          0.0000000000000000     
   336.43920637091509          0.0000000000000000     
   339.13330095717072          0.0000000000000000     
   341.82861289407384          0.0000000000000000     
   344.52512467221004          0.0000000000000000     
   347.22281914933808          0.0000000000000000     
   349.92167954036574          0.0000000000000000     
   352.62168940766270          0.0000000000000000     
   355.32283265169883          0.0000000000000000     
   358.02509350198409          0.0000000000000000     
   360.72845650831175          0.0000000000000000     
   363.43290653228075          0.0000000000000000     
   366.13842873910107          0.0000000000000000     
   368.84500858965271          0.0000000000000000     
   371.55263183280806          0.0000000000000000     
   374.26128449799421          0.0000000000000000     
   376.97095288798960          0.0000000000000000     
   379.68162357194797          0.0000000000000000     
   382.39328337864436          0.0000000000000000     
   385.10591938992638          0.0000000000000000     
   387.81951893436747          0.0000000000000000     
   390.53406958112078          0.0000000000000000     
   393.24955913395479          0.0000000000000000     
   395.96597562547311          0.0000000000000000     
   398.68330731151013          0.0000000000000000     
   401.40154266569095          0.0000000000000000     
   404.12067037415898          0.0000000000000000     
   406.84067933045810          0.0000000000000000     
   409.56155863056074          0.0000000000000000     
   412.28329756805510          0.0000000000000000     
   415.00588562945700          0.0000000000000000     
   417.72931248967302          0.0000000000000000     
   420.45356800758174          0.0000000000000000     
   423.17864222175410          0.0000000000000000     
   425.90452534628650          0.0000000000000000     
   428.63120776675635          0.0000000000000000     
   431.35868003629429          0.0000000000000000     
   434.08693287176447          0.0000000000000000     
   436.81595715005028          0.0000000000000000     
   439.54574390444674          0.0000000000000000     
   442.27628432115210          0.0000000000000000     
   445.00756973585436          0.0000000000000000     
   447.73959163041508          0.0000000000000000     
   450.47234162963917          0.0000000000000000     
   453.20581149813387          0.0000000000000000     
   455.93999313725726          0.0000000000000000     
   458.67487858214071          0.0000000000000000     
   461.41045999879753          0.0000000000000000     
   464.14672968130628          0.0000000000000000     
   466.88368004906653          0.0000000000000000     
   469.62130364413127          0.0000000000000000     
   472.35959312860444          0.0000000000000000     
   475.09854128211111          0.0000000000000000     
   477.83814099933068          0.0000000000000000     
   480.57838528759260          0.0000000000000000     
   483.31926726453787          0.0000000000000000     
   486.06078015583432          0.0000000000000000     
   488.80291729295823          0.0000000000000000     
   491.54567211102506          0.0000000000000000     
   494.28903814667569          0.0000000000000000     
   497.03300903602201          0.0000000000000000     
   499.77757851263596          0.0000000000000000     
   502.52274040559269          0.0000000000000000     
   505.26848863756152          0.0000000000000000     
   508.01481722294341          0.0000000000000000     
   510.76172026605479          0.0000000000000000     
   513.50919195935558          0.0000000000000000     
   516.25722658171890          0.0000000000000000     
   519.00581849674450          0.0000000000000000     
   521.75496215111343          0.0000000000000000     
   524.50465207297680          0.0000000000000000     
   527.25488287039070          0.0000000000000000     
   530.00564922978310          0.0000000000000000     
   532.75694591445722          0.0000000000000000     
   535.50876776313407          0.0000000000000000     
   538.26110968852117          0.0000000000000000     
   541.01396667592644          0.0000000000000000     
   543.76733378189147          0.0000000000000000     
   546.52120613286684          0.0000000000000000     
   549.27557892391201          0.0000000000000000     
   552.03044741742383          0.0000000000000000     
   554.78580694190168          0.0000000000000000     
   557.54165289073399          0.0000000000000000     
   560.29798072101062          0.0000000000000000     
   563.05478595237059          0.0000000000000000     
   565.81206416586792          0.0000000000000000     
   568.56981100286339          0.0000000000000000     
   571.32802216394589          0.0000000000000000     
   574.08669340787401          0.0000000000000000     
   576.84582055053943          0.0000000000000000     
   579.60539946395852          0.0000000000000000     
   582.36542607527849          0.0000000000000000     
   585.12589636581401          0.0000000000000000     
   587.88680637009611          0.0000000000000000     
   590.64815217494743          0.0000000000000000     
   593.40992991857411          0.0000000000000000     
   596.17213578968085          0.0000000000000000     
   598.93476602660030          0.0000000000000000     
   601.69781691644300          0.0000000000000000     
   604.46128479426716          0.0000000000000000     
   607.22516604226337          0.0000000000000000     
   609.98945708895599          0.0000000000000000     
   612.75415440842357          0.0000000000000000     
   615.51925451953582          0.0000000000000000     
   618.28475398520038          0.0000000000000000     
   621.05064941163516          0.0000000000000000     
   623.81693744764834          0.0000000000000000     
   626.58361478393022          0.0000000000000000     
   629.35067815237369          0.0000000000000000     
   632.11812432539102          0.0000000000000000     
   634.88595011525547          0.0000000000000000     
   637.65415237345371          0.0000000000000000     
   640.42272799005002          0.0000000000000000     
   643.19167389306506          0.0000000000000000     
   645.96098704786516          0.0000000000000000     
   648.73066445656229          0.0000000000000000     
   651.50070315743460          0.0000000000000000     
   654.27110022434601          0.0000000000000000     
   657.04185276618330          0.0000000000000000     
   659.81295792630829          0.0000000000000000     
   662.58441288201277          0.0000000000000000     
   665.35621484398951          0.0000000000000000     
   668.12836105581039          0.0000000000000000     
   670.90084879341703          0.0000000000000000     
   673.67367536461904          0.0000000000000000     
   676.44683810860408          0.0000000000000000     
   679.22033439545623          0.0000000000000000     
   681.99416162568139          0.0000000000000000     
   684.76831722974396          0.0000000000000000     
   687.54279866761613          0.0000000000000000     
   690.31760342832320          0.0000000000000000     
   693.09272902951443          0.0000000000000000     
   695.86817301702945          0.0000000000000000     
   698.64393296447133          0.0000000000000000     
   701.42000647280406          0.0000000000000000     
   704.19639116993176          0.0000000000000000     
   706.97308471031556          0.0000000000000000     
   709.75008477456572          0.0000000000000000     
   712.52738906907075          0.0000000000000000     
   715.30499532561203          0.0000000000000000     
   718.08290130099454          0.0000000000000000     
   720.86110477668626          0.0000000000000000     
   723.63960355845552          0.0000000000000000     
   726.41839547602285          0.0000000000000000     
   729.19747838271974          0.0000000000000000     
   731.97685015513957          0.0000000000000000     
   734.75650869282026          0.0000000000000000     
   737.53645191790110          0.0000000000000000     
   740.31667777481402          0.0000000000000000     
   743.09718422996457          0.0000000000000000     
   745.87796927142040          0.0000000000000000     
   748.65903090860797          0.0000000000000000     
   751.44036717201357          0.0000000000000000     
   754.22197611288971          0.0000000000000000     
   757.00385580296779          0.0000000000000000     
   759.78600433417000          0.0000000000000000     
   762.56841981833486          0.0000000000000000     
   765.35110038693961          0.0000000000000000     
   768.13404419083486          0.0000000000000000     
   770.91724939997175          0.0000000000000000     
   773.70071420315412          0.0000000000000000     
   776.48443680776859          0.0000000000000000     
   779.26841543954220          0.0000000000000000     
   782.05264834229297          0.0000000000000000     
   784.83713377768208          0.0000000000000000     
   787.62187002498013          0.0000000000000000     
   790.40685538083176          0.0000000000000000     
   793.19208815901879          0.0000000000000000     
   795.97756669023670          0.0000000000000000     
   798.76328932187107          0.0000000000000000     
   801.54925441777368          0.0000000000000000     
   804.33546035805102          0.0000000000000000     
   807.12190553884898          0.0000000000000000     
   809.90858837213932          0.0000000000000000     
   812.69550728552167          0.0000000000000000     
   815.48266072201136          0.0000000000000000     
   818.27004713984729          0.0000000000000000     
   821.05766501229255          0.0000000000000000     
   823.84551282743791          0.0000000000000000     
   826.63358908801933          0.0000000000000000     
   829.42189231122279          0.0000000000000000     
   832.21042102850629          0.0000000000000000     
   834.99917378541204          0.0000000000000000     
   837.78814914139593          0.0000000000000000     
   840.57734566964609          0.0000000000000000     
   843.36676195690939          0.0000000000000000     
   846.15639660332590          0.0000000000000000     
   848.94624822225933          0.0000000000000000     
   851.73631544012994          0.0000000000000000     
   854.52659689625455          0.0000000000000000     
   857.31709124268559          0.0000000000000000     
   860.10779714405248          0.0000000000000000     
   862.89871327741093          0.0000000000000000     
   865.68983833208597          0.0000000000000000     
   868.48117100952277          0.0000000000000000     
   871.27271002313876          0.0000000000000000     
   874.06445409817900          0.0000000000000000     
   876.85640197157045          0.0000000000000000     
   879.64855239178235          0.0000000000000000     
   882.44090411868308          0.0000000000000000     
   885.23345592341013          0.0000000000000000     
   888.02620658822696          0.0000000000000000     
   890.81915490639778          0.0000000000000000     
   893.61229968204896          0.0000000000000000     
   896.40563973004362          0.0000000000000000     
   899.19917387585167          0.0000000000000000     
   901.99290095543085          0.0000000000000000     
   904.78681981509305          0.0000000000000000     
   907.58092931139356          0.0000000000000000     
   910.37522831099977          0.0000000000000000     
   913.16971569058194          0.0000000000000000     
   915.96439033669060          0.0000000000000000     
   918.75925114564836          0.0000000000000000     
   921.55429702342747          0.0000000000000000     
   924.34952688554552          0.0000000000000000     
   927.14493965695385          0.0000000000000000     
   929.94053427192625          0.0000000000000000     
   932.73630967395491          0.0000000000000000     
   935.53226481564502          0.0000000000000000     
   938.32839865861138          0.0000000000000000     
   941.12471017336929          0.0000000000000000     
   943.92119833924357          0.0000000000000000     
   946.71786214426515          0.0000000000000000     
   949.51470058506902          0.0000000000000000     
   952.31171266680280          0.0000000000000000     
   955.10889740302559          0.0000000000000000     
   957.90625381562450          0.0000000000000000     
   960.70378093470686          0.0000000000000000     
   963.50147779852000          0.0000000000000000     
   966.29934345336028          0.0000000000000000     
   969.09737695347735          0.0000000000000000     
   971.89557736099232          0.0000000000000000     
   974.69394374580634          0.0000000000000000     
   977.49247518552306          0.0000000000000000     
   980.29117076535567          0.0000000000000000     
   983.09002957804887          0.0000000000000000     
   985.88905072379566          0.0000000000000000     
   988.68823331015710          0.0000000000000000     
   991.48757645197770          0.0000000000000000     
   994.28707927131836          0.0000000000000000     
   997.08674089736269          0.0000000000000000     
   999.88656046635583          0.0000000000000000     
