 -0.255312383523E-04 -0.513836201490E-04 -0.775611848772E-04 -0.104068022835E-03
 -0.130908275768E-03 -0.158086137523E-03 -0.185605854694E-03 -0.213471727293E-03
 -0.241688109420E-03 -0.270259409941E-03 -0.299190093181E-03 -0.328484679617E-03
 -0.358147746587E-03 -0.388183929007E-03 -0.418597920091E-03 -0.449394472086E-03
 -0.480578397017E-03 -0.512154567434E-03 -0.544127917180E-03 -0.576503442153E-03
 -0.609286201096E-03 -0.642481316381E-03 -0.676093974813E-03 -0.710129428438E-03
 -0.744592995363E-03 -0.779490060591E-03 -0.814826076860E-03 -0.850606565494E-03
 -0.886837117266E-03 -0.923523393273E-03 -0.960671125821E-03 -0.998286119317E-03
 -0.103637425118E-02 -0.107494147276E-02 -0.111399381026E-02 -0.115353736569E-02
 -0.119357831781E-02 -0.123412292310E-02 -0.127517751673E-02 -0.131674851358E-02
 -0.135884240918E-02 -0.140146578080E-02 -0.144462528842E-02 -0.148832767581E-02
 -0.153257977156E-02 -0.157738849013E-02 -0.162276083298E-02 -0.166870388964E-02
 -0.171522483880E-02 -0.176233094945E-02 -0.181002958202E-02 -0.185832818951E-02
 -0.190723431867E-02 -0.195675561120E-02 -0.200689980488E-02 -0.205767473486E-02
 -0.210908833482E-02 -0.216114863823E-02 -0.221386377962E-02 -0.226724199584E-02
 -0.232129162734E-02 -0.237602111949E-02 -0.243143902388E-02 -0.248755399966E-02
 -0.254437481492E-02 -0.260191034802E-02 -0.266016958900E-02 -0.271916164099E-02
 -0.277889572162E-02 -0.283938116444E-02 -0.290062742044E-02 -0.296264405946E-02
 -0.302544077173E-02 -0.308902736935E-02 -0.315341378787E-02 -0.321861008778E-02
 -0.328462645614E-02 -0.335147320815E-02 -0.341916078872E-02 -0.348769977419E-02
 -0.355710087391E-02 -0.362737493193E-02 -0.369853292872E-02 -0.377058598286E-02
 -0.384354535278E-02 -0.391742243852E-02 -0.399222878352E-02 -0.406797607643E-02
 -0.414467615290E-02 -0.422234099748E-02 -0.430098274545E-02 -0.438061368474E-02
 -0.446124625783E-02 -0.454289306374E-02 -0.462556685992E-02 -0.470928056432E-02
 -0.479404725738E-02 -0.487988018406E-02 -0.496679275591E-02 -0.505479855319E-02
 -0.514391132699E-02 -0.523414500134E-02 -0.532551367544E-02 -0.541803162581E-02
 -0.551171330857E-02 -0.560657336166E-02 -0.570262660714E-02 -0.579988805352E-02
 -0.589837289810E-02 -0.599809652930E-02 -0.609907452915E-02 -0.620132267565E-02
 -0.630485694526E-02 -0.640969351542E-02 -0.651584876704E-02 -0.662333928708E-02
 -0.673218187113E-02 -0.684239352606E-02 -0.695399147265E-02 -0.706699314827E-02
 -0.718141620967E-02 -0.729727853566E-02 -0.741459822993E-02 -0.753339362392E-02
 -0.765368327963E-02 -0.777548599254E-02 -0.789882079454E-02 -0.802370695693E-02
 -0.815016399340E-02 -0.827821166310E-02 -0.840786997371E-02 -0.853915918457E-02
 -0.867209980987E-02 -0.880671262182E-02 -0.894301865392E-02 -0.908103920422E-02
 -0.922079583869E-02 -0.936231039455E-02 -0.950560498371E-02 -0.965070199619E-02
 -0.979762410367E-02 -0.994639426298E-02 -0.100970357197E-01 -0.102495720119E-01
 -0.104040269735E-01 -0.105604247385E-01 -0.107187897442E-01 -0.108791467355E-01
 -0.110415207684E-01 -0.112059372142E-01 -0.113724217631E-01 -0.115410004287E-01
 -0.117116995517E-01 -0.118845458041E-01 -0.120595661933E-01 -0.122367880667E-01
 -0.124162391155E-01 -0.125979473790E-01 -0.127819412497E-01 -0.129682494767E-01
 -0.131569011711E-01 -0.133479258099E-01 -0.135413532412E-01 -0.137372136881E-01
 -0.139355377542E-01 -0.141363564280E-01 -0.143397010876E-01 -0.145456035061E-01
 -0.147540958558E-01 -0.149652107141E-01 -0.151789810679E-01 -0.153954403193E-01
 -0.156146222901E-01 -0.158365612281E-01 -0.160612918113E-01 -0.162888491543E-01
 -0.165192688132E-01 -0.167525867914E-01 -0.169888395451E-01 -0.172280639892E-01
 -0.174702975027E-01 -0.177155779350E-01 -0.179639436113E-01 -0.182154333392E-01
 -0.184700864143E-01 -0.187279426263E-01 -0.189890422655E-01 -0.192534261292E-01
 -0.195211355276E-01 -0.197922122905E-01 -0.200666987739E-01 -0.203446378668E-01
 -0.206260729973E-01 -0.209110481399E-01 -0.211996078223E-01 -0.214917971322E-01
 -0.217876617244E-01 -0.220872478280E-01 -0.223906022537E-01 -0.226977724007E-01
 -0.230088062646E-01 -0.233237524448E-01 -0.236426601517E-01 -0.239655792149E-01
 -0.242925600907E-01 -0.246236538700E-01 -0.249589122865E-01 -0.252983877244E-01
 -0.256421332269E-01 -0.259902025044E-01 -0.263426499429E-01 -0.266995306124E-01
 -0.270609002756E-01 -0.274268153966E-01 -0.277973331497E-01 -0.281725114284E-01
 -0.285524088543E-01 -0.289370847864E-01 -0.293265993303E-01 -0.297210133477E-01
 -0.301203884657E-01 -0.305247870866E-01 -0.309342723976E-01 -0.313489083806E-01
 -0.317687598225E-01 -0.321938923248E-01 -0.326243723142E-01 -0.330602670532E-01
 -0.335016446498E-01 -0.339485740692E-01 -0.344011251437E-01 -0.348593685841E-01
 -0.353233759904E-01 -0.357932198635E-01 -0.362689736158E-01 -0.367507115836E-01
 -0.372385090376E-01 -0.377324421957E-01 -0.382325882342E-01 -0.387390253003E-01
 -0.392518325240E-01 -0.397710900305E-01 -0.402968789529E-01 -0.408292814449E-01
 -0.413683806932E-01 -0.419142609312E-01 -0.424670074513E-01 -0.430267066190E-01
 -0.435934458860E-01 -0.441673138039E-01 -0.447484000382E-01 -0.453367953819E-01
 -0.459325917703E-01 -0.465358822946E-01 -0.471467612174E-01 -0.477653239863E-01
 -0.483916672499E-01 -0.490258888720E-01 -0.496680879476E-01 -0.503183648178E-01
 -0.509768210859E-01 -0.516435596329E-01 -0.523186846341E-01 -0.530023015747E-01
 -0.536945172667E-01 -0.543954398657E-01 -0.551051788874E-01 -0.558238452249E-01
 -0.565515511660E-01 -0.572884104110E-01 -0.580345380899E-01 -0.587900507808E-01
 -0.595550665282E-01 -0.603297048608E-01 -0.611140868111E-01 -0.619083349335E-01
 -0.627125733238E-01 -0.635269276386E-01 -0.643515251147E-01 -0.651864945894E-01
 -0.660319665200E-01 -0.668880730047E-01 -0.677549478032E-01 -0.686327263570E-01
 -0.695215458114E-01 -0.704215450363E-01 -0.713328646481E-01 -0.722556470316E-01
 -0.731900363624E-01 -0.741361786291E-01 -0.750942216565E-01 -0.760643151282E-01
 -0.770466106104E-01 -0.780412615754E-01 -0.790484234255E-01 -0.800682535172E-01
 -0.811009111862E-01 -0.821465577715E-01 -0.832053566416E-01 -0.842774732189E-01
 -0.853630750064E-01 -0.864623316135E-01 -0.875754147824E-01 -0.887024984150E-01
 -0.898437586002E-01 -0.909993736410E-01 -0.921695240828E-01 -0.933543927411E-01
 -0.945541647305E-01 -0.957690274934E-01 -0.969991708288E-01 -0.982447869229E-01
 -0.995060703782E-01 -0.100783218244     -0.102076430048     -0.103385907827    
 -0.104711856156     -0.106054482186     -0.107413995668     -0.108790608996    
 -0.110184537229     -0.111595998134     -0.113025212214     -0.114472402745    
 -0.115937795810     -0.117421620336     -0.118924108126     -0.120445493899    
 -0.121986015324     -0.123545913058     -0.125125430785     -0.126724815252    
 -0.128344316307     -0.129984186939     -0.131644683320     -0.133326064839    
 -0.135028594149     -0.136752537201     -0.138498163294     -0.140265745108    
 -0.142055558753     -0.143867883809     -0.145703003370     -0.147561204090    
 -0.149442776224     -0.151348013676     -0.153277214046     -0.155230678672    
 -0.157208712679     -0.159211625031     -0.161239728569     -0.163293340072    
 -0.165372780295     -0.167478374027     -0.169610450138     -0.171769341630    
 -0.173955385690     -0.176168923744     -0.178410301505     -0.180679869032    
 -0.182977980783     -0.185304995668     -0.187661277108     -0.190047193089    
 -0.192463116221     -0.194909423795     -0.197386497842     -0.199894725193    
 -0.202434497535     -0.205006211481     -0.207610268621     -0.210247075591    
 -0.212917044136     -0.215620591171     -0.218358138848     -0.221130114619    
 -0.223936951306     -0.226779087166     -0.229656965960     -0.232571037021    
 -0.235521755323     -0.238509581553     -0.241534982183     -0.244598429541    
 -0.247700401884     -0.250841383475     -0.254021864652     -0.257242341912    
 -0.260503317981     -0.263805301897     -0.267148809083     -0.270534361434    
 -0.273962487393     -0.277433722033     -0.280948607141     -0.284507691302    
 -0.288111529983     -0.291760685619     -0.295455727702     -0.299197232864    
 -0.302985784973     -0.306821975215     -0.310706402193     -0.314639672016    
 -0.318622398391     -0.322655202720     -0.326738714195     -0.330873569896    
 -0.335060414888     -0.339299902318     -0.343592693522     -0.347939458120    
 -0.352340874125     -0.356797628041     -0.361310414974     -0.365879938737    
 -0.370506911956     -0.375192056182     -0.379936102002     -0.384739789148    
 -0.389603866614     -0.394529092769     -0.399516235473     -0.404566072196    
 -0.409679390134     -0.414856986334     -0.420099667811     -0.425408251674    
 -0.430783565251     -0.436226446215     -0.441737742710     -0.447318313482    
 -0.452969028010     -0.458690766636     -0.464484420703     -0.470350892686    
 -0.476291096334     -0.482305956802     -0.488396410799     -0.494563406725    
 -0.500807904814     -0.507130877284     -0.513533308481     -0.520016195025    
 -0.526580545968     -0.533227382937     -0.539957740295     -0.546772665294    
 -0.553673218233     -0.560660472616     -0.567735515315     -0.574899446732    
 -0.582153380963     -0.589498445967     -0.596935783733     -0.604466550450    
 -0.612091916681     -0.619813067536     -0.627631202848     -0.635547537353    
 -0.643563300868     -0.651679738477     -0.659898110709     -0.668219693730    
 -0.676645779529     -0.685177676109     -0.693816707677     -0.702564214841    
 -0.711421554808     -0.720390101576     -0.729471246145     -0.738666396710    
 -0.747976978872     -0.757404435843     -0.766950228657     -0.776615836379    
 -0.786402756321     -0.796312504257     -0.806346614643     -0.816506640832    
 -0.826794155304     -0.837210749884     -0.847758035975     -0.858437644781    
 -0.869251227546     -0.880200455781     -0.891287021502     -0.902512637472    
 -0.913879037436     -0.925387976367     -0.937041230712     -0.948840598636    
 -0.960787900275     -0.972884977984     -0.985133696597     -0.997535943676    
  -1.01009362978      -1.02280868870      -1.03568307778      -1.04871877809    
  -1.06191779480      -1.07528215736      -1.08881391983      -1.10251516112    
  -1.11638798527      -1.13043452177      -1.14465692577      -1.15905737842    
  -1.17363808713      -1.18840128586      -1.20334923540      -1.21848422368    
  -1.23380856605      -1.24932460556      -1.26503471330      -1.28094128863    
  -1.29704675956      -1.31335358297      -1.32986424497      -1.34658126119    
  -1.36350717707      -1.38064456818      -1.39799604054      -1.41556423090    
  -1.43335180707      -1.45136146824      -1.46959594527      -1.48805800102    
  -1.50675043067      -1.52567606202      -1.54483775581      -1.56423840604    
  -1.58388094029      -1.60376832005      -1.62390354101      -1.64428963337    
  -1.66492966221      -1.68582672776      -1.70698396574      -1.72840454766    
  -1.75009168115      -1.77204861027      -1.79427861581      -1.81678501564    
  -1.83957116496      -1.86264045668      -1.88599632167      -1.90964222909    
  -1.93358168669      -1.95781824112      -1.98235547819      -2.00719702321    
  -2.03234654126      -2.05780773745      -2.08358435726      -2.10968018675    
  -2.13609905291      -2.16284482385      -2.18992140910      -2.21733275988    
  -2.24508286933      -2.27317577273      -2.30161554780      -2.33040631487    
  -2.35955223711      -2.38905752077      -2.41892641535      -2.44916321381    
  -2.47977225274      -2.51075791254      -2.54212461760      -2.57387683638    
  -2.60601908162      -2.63855591042      -2.67149192436      -2.70483176957    
  -2.73858013684      -2.77274176165      -2.80732142421      -2.84232394951    
  -2.87775420729      -2.91362770561      -2.94992770584      -2.98667028687    
  -3.02386049598      -3.06150342484      -3.09960420939      -3.13816802966    
  -3.17720010958      -3.21670571678      -3.25669016227      -3.29715880018    
  -3.33811702745      -3.37957028341      -3.42152404942      -3.46398384840    
  -3.50695524435      -3.55044384178      -3.59445528518      -3.63899525833    
  -3.68406948364      -3.72968372140      -3.77584376898      -3.82255545996    
  -3.86982466322      -3.91765728190      -3.96605925240      -4.01503654317    
  -4.06459515355      -4.11474111243      -4.16548047688      -4.21681933066    
  -4.26876378266      -4.32131996522      -4.37449403235      -4.42829215783    
  -4.48272053324      -4.53778536577      -4.59349287605      -4.64984929567    
  -4.70686086472      -4.76453382907      -4.82287443754      -4.88188893891    
  -4.94158357873      -5.00196459600      -5.06303821959      -5.12481066452    
  -5.18728812799      -5.25047678524      -5.31438278510      -5.37901224539    
  -5.44437124801      -5.51046583377      -5.57730199692      -5.64488567947    
  -5.71322276511      -5.78231907285      -5.85218035030      -5.92281226666    
  -5.99422040527      -6.06641025577      -6.13938720593      -6.21315653300    
  -6.28772339460      -6.36309281923      -6.43926969618      -6.51625876507    
  -6.59406460475      -6.67269162170      -6.75214403790      -6.83242587801    
  -6.91354095604      -6.99549286129      -7.07828494366      -7.16192029828    
  -7.24640174940      -7.33173183353      -7.41791278181      -7.50494650163    
  -7.59283455733      -7.68157815013      -7.77117809715      -7.86163480949    
  -7.95294826948      -8.04511800683      -8.13814307393      -8.23202202006    
  -8.32675286458      -8.42233306911      -8.51875950859      -8.61602844130    
  -8.71413547769      -8.81307554819      -8.91284286981      -9.01343091164    
  -9.11483235916      -9.21703907744      -9.32004207321      -9.42383145568    
  -9.52839639640      -9.63372508784      -9.73980470099      -9.84662134187    
  -9.95416000701      -10.0624045379      -10.1713375748      -10.2809405089    
  -10.3911934349      -10.5020751019      -10.6135628638      -10.7256326296    
  -10.8382588130      -10.9514142816      -11.0650703063      -11.1791965103    
  -11.2937608190      -11.4087294089      -11.5240666590      -11.6397351010    
  -11.7556953719      -11.8719061676      -11.9883241973      -12.1049041409    
  -12.2215986074      -12.3383580970      -12.4551309648      -12.5718633884    
  -12.6884993395      -12.8049805581      -12.9212465332      -13.0372344862    
  -13.1528793617      -13.2681138230      -13.3828682543      -13.4970707700    
  -13.6106472318      -13.7235212738      -13.8356143357      -13.9468457067    
  -14.0571325787      -14.1663901099      -14.2745315010      -14.3814680823    
  -14.4871094145      -14.5913634030      -14.6941364259      -14.7953334783    
  -14.8948583314      -14.9926137087      -15.0885014798      -15.1824228719    
  -15.2742787007      -15.3639696206      -15.4512982927      -15.5363060115    
  -15.6188505605      -15.6988349512      -15.7761636195      -15.8507428085    
  -15.9224809739      -15.9912892132      -16.0570817188      -16.1197762536    
  -16.1792946506      -16.2355633340      -16.2885138618      -16.3380834894    
  -16.3842157511      -16.4268610585      -16.4659773131      -16.5015305311    
  -16.5334954753      -16.5618562913      -16.5866071436      -16.6077528454    
  -16.6253094767      -16.6393049835      -16.6497797515      -16.6567871445    
  -16.6603940001      -16.6606810702      -16.6577433984      -16.6516906203    
  -16.6426471754      -16.6307524165      -16.6161606046      -16.5990407718    
  -16.5795764411      -16.5579651849      -16.5344180083      -16.5091585417    
  -16.4824220289      -16.4544540939      -16.4255092764      -16.3958493212    
  -16.3657412127      -16.3354549473      -16.3052610364      -16.2754277421    
  -16.2462180460      -16.2178863623      -16.1906750112      -16.1648104773    
  -16.1404994882      -16.1179249642      -16.0972419011      -16.0785732724    
  -16.0620060570      -16.0475875283      -16.0353219738      -16.0251680530    
  -16.0170370510      -16.0107923352      -16.0062503903      -16.0031838762    
  -16.0013272348      -16.0003207638      -16.0000323222      -16.0000000055    
  -16.0000000007      -15.9999999991      -15.9999999983      -15.9999999980    
  -15.9999999980      -15.9999999981      -15.9999999983      -15.9999999986    
  -15.9999999988      -15.9999999990      -15.9999999992      -15.9999999993    
  -15.9999999995      -15.9999999996      -15.9999999997      -15.9999999997    
  -15.9999999998      -15.9999999998      -15.9999999999      -15.9999999999    
  -15.9999999999      -15.9999999999      -16.0000000000      -16.0000000000    
  -16.0000000000      -16.0000000000      -16.0000000000      -16.0000000000    
  -16.0000000000      -16.0000000000      -16.0000000000      -16.0000000000    
  -16.0000000000      -16.0000000000      -16.0000000000      -16.0000000000    
  -16.0000000000      -16.0000000000      -16.0000000000      -16.0000000000    
  -16.0000000000      -16.0000000000      -16.0000000000      -16.0000000000    
  -16.0000000000      -16.0000000000      -16.0000000000      -16.0000000000    
  -16.0000000000      -16.0000000000      -16.0000000000      -16.0000000000    
  -16.0000000000      -16.0000000000      -16.0000000000      -16.0000000000    
  -16.0000000000      -16.0000000000      -16.0000000000      -16.0000000000    
  -16.0000000000      -16.0000000000      -16.0000000000      -16.0000000000    
  -16.0000000000      -16.0000000000      -16.0000000000      -16.0000000000    
  -16.0000000000      -16.0000000000      -16.0000000000      -16.0000000000    
  -16.0000000000      -16.0000000000      -16.0000000000      -16.0000000000    
  -16.0000000000      -16.0000000000      -16.0000000000      -16.0000000000    
  -16.0000000000      -16.0000000000      -16.0000000000      -16.0000000000    
  -16.0000000000      -16.0000000000      -16.0000000000      -16.0000000000    
  -16.0000000000      -16.0000000000      -16.0000000000      -16.0000000000    
  -16.0000000000      -16.0000000000      -16.0000000000      -16.0000000000    
  -16.0000000000      -16.0000000000      -16.0000000000      -16.0000000000    
  -16.0000000000      -16.0000000000      -16.0000000000      -16.0000000000    
  -16.0000000000      -16.0000000000      -16.0000000000      -16.0000000000    
  -16.0000000000      -16.0000000000      -16.0000000000      -16.0000000000    
  -16.0000000000      -16.0000000000      -16.0000000000      -16.0000000000    
  -16.0000000000      -16.0000000000      -16.0000000000      -16.0000000000    
  -16.0000000000      -16.0000000000      -16.0000000000      -16.0000000000    
  -16.0000000000      -16.0000000000      -16.0000000000      -16.0000000000    
  -16.0000000000      -16.0000000000      -16.0000000000      -16.0000000000    
  -16.0000000000      -16.0000000000      -16.0000000000      -16.0000000000    
  -16.0000000000      -16.0000000000      -16.0000000000      -16.0000000000    
  -16.0000000000      -16.0000000000      -16.0000000000      -16.0000000000    
  -16.0000000000      -16.0000000000      -16.0000000000      -16.0000000000    
  -16.0000000000      -16.0000000000      -16.0000000000      -16.0000000000    
  -16.0000000000      -16.0000000000      -16.0000000000      -16.0000000000    
  -16.0000000000      -16.0000000000      -16.0000000000      -16.0000000000    
  -16.0000000000      -16.0000000000      -16.0000000000      -16.0000000000    
  -16.0000000000      -16.0000000000      -16.0000000000      -16.0000000000    
  -16.0000000000      -16.0000000000      -16.0000000000      -16.0000000000    
  -16.0000000000      -16.0000000000      -16.0000000000      -16.0000000000    
  -16.0000000000      -16.0000000000      -16.0000000000      -16.0000000000    
  -16.0000000000      -16.0000000000      -16.0000000000      -16.0000000000    
  -16.0000000000      -16.0000000000      -16.0000000000      -16.0000000000    
  -16.0000000000      -16.0000000000      -16.0000000000      -16.0000000000    
  -16.0000000000      -16.0000000000      -16.0000000000      -16.0000000000    
  -16.0000000000      -16.0000000000      -16.0000000000      -16.0000000000    
  -16.0000000000      -16.0000000000      -16.0000000000      -16.0000000000    
  -16.0000000000      -16.0000000000      -16.0000000000      -16.0000000000    
  -16.0000000000      -16.0000000000      -16.0000000000      -16.0000000000    
  -16.0000000000      -16.0000000000      -16.0000000000      -16.0000000000    
  -16.0000000000      -16.0000000000      -16.0000000000      -16.0000000000    
  -16.0000000000      -16.0000000000      -16.0000000000      -16.0000000000    
  -16.0000000000      -16.0000000000      -16.0000000000      -16.0000000000    
  -16.0000000000      -16.0000000000      -16.0000000000      -16.0000000000    
  -16.0000000000      -16.0000000000      -16.0000000000      -16.0000000000    
  -16.0000000000      -16.0000000000      -16.0000000000      -16.0000000000    
  -16.0000000000      -16.0000000000      -16.0000000000      -16.0000000000    
  -16.0000000000      -16.0000000000      -16.0000000000      -16.0000000000    
  -16.0000000000      -16.0000000000      -16.0000000000      -16.0000000000    
  -16.0000000000      -16.0000000000      -16.0000000000      -16.0000000000    
  -16.0000000000      -16.0000000000      -16.0000000000      -16.0000000000    
  -16.0000000000      -16.0000000000      -16.0000000000      -16.0000000000    
  -16.0000000000      -16.0000000000      -16.0000000000      -16.0000000000    
  -16.0000000000      -16.0000000000      -16.0000000000      -16.0000000000    
  -16.0000000000      -16.0000000000      -16.0000000000      -16.0000000000    
  -16.0000000000      -16.0000000000      -16.0000000000      -16.0000000000    
  -16.0000000000      -16.0000000000      -16.0000000000      -16.0000000000    
  -16.0000000000      -16.0000000000      -16.0000000000      -16.0000000000    
  -16.0000000000      -16.0000000000      -16.0000000000      -16.0000000000    
