  0.203106512183E-05  0.408767789786E-05  0.617015967801E-05  0.827883585427E-05
  0.104140359116E-04  0.125760934793E-04  0.147653463832E-04  0.169821366986E-04
  0.192268108034E-04  0.214997194325E-04  0.238012177325E-04  0.261316653172E-04
  0.284914263236E-04  0.308808694693E-04  0.333003681096E-04  0.357503002959E-04
  0.382310488352E-04  0.407430013494E-04  0.432865503362E-04  0.458620932303E-04
  0.484700324653E-04  0.511107755372E-04  0.537847350673E-04  0.564923288672E-04
  0.592339800038E-04  0.620101168658E-04  0.648211732300E-04  0.676675883297E-04
  0.705498069229E-04  0.734682793622E-04  0.764234616647E-04  0.794158155835E-04
  0.824458086801E-04  0.855139143968E-04  0.886206121314E-04  0.917663873116E-04
  0.949517314710E-04  0.981771423262E-04  0.101443123854E-03  0.104750186371E-03
  0.108098846611E-03  0.111489627810E-03  0.114923059784E-03  0.118399679014E-03
  0.121920028728E-03  0.125484658988E-03  0.129094126775E-03  0.132748996075E-03
  0.136449837968E-03  0.140197230720E-03  0.143991759866E-03  0.147834018310E-03
  0.151724606412E-03  0.155664132085E-03  0.159653210887E-03  0.163692466120E-03
  0.167782528925E-03  0.171924038382E-03  0.176117641611E-03  0.180363993870E-03
  0.184663758660E-03  0.189017607829E-03  0.193426221672E-03  0.197890289046E-03
  0.202410507468E-03  0.206987583233E-03  0.211622231517E-03  0.216315176493E-03
  0.221067151442E-03  0.225878898871E-03  0.230751170624E-03  0.235684728002E-03
  0.240680341885E-03  0.245738792845E-03  0.250860871276E-03  0.256047377512E-03
  0.261299121956E-03  0.266616925201E-03  0.272001618166E-03  0.277454042218E-03
  0.282975049309E-03  0.288565502107E-03  0.294226274132E-03  0.299958249888E-03
  0.305762325009E-03  0.311639406392E-03  0.317590412343E-03  0.323616272716E-03
  0.329717929064E-03  0.335896334782E-03  0.342152455258E-03  0.348487268022E-03
  0.354901762899E-03  0.361396942168E-03  0.367973820712E-03  0.374633426179E-03
  0.381376799146E-03  0.388204993277E-03  0.395119075489E-03  0.402120126121E-03
  0.409209239099E-03  0.416387522110E-03  0.423656096773E-03  0.431016098817E-03
  0.438468678255E-03  0.446014999565E-03  0.453656241874E-03  0.461393599138E-03
  0.469228280334E-03  0.477161509645E-03  0.485194526650E-03  0.493328586523E-03
  0.501564960225E-03  0.509904934703E-03  0.518349813092E-03  0.526900914918E-03
  0.535559576306E-03  0.544327150186E-03  0.553205006506E-03  0.562194532446E-03
  0.571297132633E-03  0.580514229364E-03  0.589847262825E-03  0.599297691317E-03
  0.608866991485E-03  0.618556658548E-03  0.628368206530E-03  0.638303168501E-03
  0.648363096814E-03  0.658549563350E-03  0.668864159757E-03  0.679308497708E-03
  0.689884209146E-03  0.700592946540E-03  0.711436383148E-03  0.722416213271E-03
  0.733534152523E-03  0.744791938098E-03  0.756191329040E-03  0.767734106521E-03
  0.779422074114E-03  0.791257058080E-03  0.803240907650E-03  0.815375495317E-03
  0.827662717126E-03  0.840104492969E-03  0.852702766890E-03  0.865459507385E-03
  0.878376707708E-03  0.891456386188E-03  0.904700586539E-03  0.918111378183E-03
  0.931690856569E-03  0.945441143507E-03  0.959364387491E-03  0.973462764045E-03
  0.987738476051E-03  0.100219375411E-02  0.101683085686E-02  0.103165207137E-02
  0.104665971346E-02  0.106185612810E-02  0.107724368973E-02  0.109282480267E-02
  0.110860190149E-02  0.112457745136E-02  0.114075394848E-02  0.115713392043E-02
  0.117371992660E-02  0.119051455855E-02  0.120752044046E-02  0.122474022950E-02
  0.124217661627E-02  0.125983232522E-02  0.127771011505E-02  0.129581277918E-02
  0.131414314615E-02  0.133270408008E-02  0.135149848113E-02  0.137052928592E-02
  0.138979946801E-02  0.140931203838E-02  0.142907004585E-02  0.144907657762E-02
  0.146933475970E-02  0.148984775743E-02  0.151061877596E-02  0.153165106075E-02
  0.155294789810E-02  0.157451261561E-02  0.159634858277E-02  0.161845921144E-02
  0.164084795638E-02  0.166351831581E-02  0.168647383197E-02  0.170971809164E-02
  0.173325472670E-02  0.175708741473E-02  0.178121987957E-02  0.180565589187E-02
  0.183039926974E-02  0.185545387929E-02  0.188082363527E-02  0.190651250167E-02
  0.193252449233E-02  0.195886367157E-02  0.198553415484E-02  0.201254010936E-02
  0.203988575475E-02  0.206757536371E-02  0.209561326267E-02  0.212400383250E-02
  0.215275150914E-02  0.218186078434E-02  0.221133620636E-02  0.224118238064E-02
  0.227140397055E-02  0.230200569813E-02  0.233299234480E-02  0.236436875211E-02
  0.239613982252E-02  0.242831052014E-02  0.246088587151E-02  0.249387096642E-02
  0.252727095863E-02  0.256109106677E-02  0.259533657507E-02  0.263001283422E-02
  0.266512526224E-02  0.270067934526E-02  0.273668063843E-02  0.277313476675E-02
  0.281004742598E-02  0.284742438352E-02  0.288527147928E-02  0.292359462666E-02
  0.296239981339E-02  0.300169310253E-02  0.304148063339E-02  0.308176862250E-02
  0.312256336456E-02  0.316387123344E-02  0.320569868318E-02  0.324805224899E-02
  0.329093854826E-02  0.333436428160E-02  0.337833623392E-02  0.342286127542E-02
  0.346794636274E-02  0.351359853997E-02  0.355982493983E-02  0.360663278471E-02
  0.365402938784E-02  0.370202215443E-02  0.375061858281E-02  0.379982626560E-02
  0.384965289093E-02  0.390010624359E-02  0.395119420628E-02  0.400292476084E-02
  0.405530598946E-02  0.410834607599E-02  0.416205330719E-02  0.421643607404E-02
  0.427150287302E-02  0.432726230746E-02  0.438372308889E-02  0.444089403839E-02
  0.449878408794E-02  0.455740228186E-02  0.461675777820E-02  0.467685985017E-02
  0.473771788758E-02  0.479934139831E-02  0.486174000982E-02  0.492492347060E-02
  0.498890165173E-02  0.505368454841E-02  0.511928228154E-02  0.518570509924E-02
  0.525296337852E-02  0.532106762686E-02  0.539002848384E-02  0.545985672284E-02
  0.553056325268E-02  0.560215911935E-02  0.567465550771E-02  0.574806374326E-02
  0.582239529388E-02  0.589766177163E-02  0.597387493457E-02  0.605104668859E-02
  0.612918908926E-02  0.620831434371E-02  0.628843481252E-02  0.636956301170E-02
  0.645171161456E-02  0.653489345378E-02  0.661912152331E-02  0.670440898049E-02
  0.679076914803E-02  0.687821551613E-02  0.696676174455E-02  0.705642166478E-02
  0.714720928213E-02  0.723913877800E-02  0.733222451202E-02  0.742648102430E-02
  0.752192303773E-02  0.761856546023E-02  0.771642338710E-02  0.781551210336E-02
  0.791584708613E-02  0.801744400704E-02  0.812031873469E-02  0.822448733708E-02
  0.832996608417E-02  0.843677145033E-02  0.854492011700E-02  0.865442897522E-02
  0.876531512826E-02  0.887759589434E-02  0.899128880925E-02  0.910641162913E-02
  0.922298233321E-02  0.934101912661E-02  0.946054044318E-02  0.958156494834E-02
  0.970411154203E-02  0.982819936159E-02  0.995384778481E-02  0.100810764328E-01
  0.102099051733E-01  0.103403541235E-01  0.104724436532E-01  0.106061943882E-01
  0.107416272132E-01  0.108787632754E-01  0.110176239872E-01  0.111582310304E-01
  0.113006063586E-01  0.114447722013E-01  0.115907510672E-01  0.117385657474E-01
  0.118882393193E-01  0.120397951500E-01  0.121932568999E-01  0.123486485264E-01
  0.125059942878E-01  0.126653187467E-01  0.128266467740E-01  0.129900035530E-01
  0.131554145827E-01  0.133229056823E-01  0.134925029951E-01  0.136642329921E-01
  0.138381224767E-01  0.140141985886E-01  0.141924888078E-01  0.143730209592E-01
  0.145558232165E-01  0.147409241071E-01  0.149283525159E-01  0.151181376903E-01
  0.153103092441E-01  0.155048971629E-01  0.157019318078E-01  0.159014439209E-01
  0.161034646295E-01  0.163080254511E-01  0.165151582982E-01  0.167248954835E-01
  0.169372697242E-01  0.171523141478E-01  0.173700622968E-01  0.175905481337E-01
  0.178138060467E-01  0.180398708546E-01  0.182687778124E-01  0.185005626162E-01
  0.187352614095E-01  0.189729107881E-01  0.192135478059E-01  0.194572099807E-01
  0.197039352996E-01  0.199537622254E-01  0.202067297018E-01  0.204628771599E-01
  0.207222445239E-01  0.209848722174E-01  0.212508011695E-01  0.215200728209E-01
  0.217927291305E-01  0.220688125815E-01  0.223483661881E-01  0.226314335020E-01
  0.229180586188E-01  0.232082861851E-01  0.235021614049E-01  0.237997300467E-01
  0.241010384504E-01  0.244061335341E-01  0.247150628015E-01  0.250278743490E-01
  0.253446168730E-01  0.256653396770E-01  0.259900926793E-01  0.263189264205E-01
  0.266518920710E-01  0.269890414390E-01  0.273304269776E-01  0.276761017936E-01
  0.280261196547E-01  0.283805349979E-01  0.287394029376E-01  0.291027792740E-01
  0.294707205011E-01  0.298432838153E-01  0.302205271240E-01  0.306025090541E-01
  0.309892889606E-01  0.313809269360E-01  0.317774838182E-01  0.321790212004E-01
  0.325856014399E-01  0.329972876672E-01  0.334141437952E-01  0.338362345291E-01
  0.342636253754E-01  0.346963826517E-01  0.351345734964E-01  0.355782658786E-01
  0.360275286079E-01  0.364824313444E-01  0.369430446090E-01  0.374094397934E-01
  0.378816891707E-01  0.383598659054E-01  0.388440440647E-01  0.393342986283E-01
  0.398307054999E-01  0.403333415175E-01  0.408422844648E-01  0.413576130820E-01
  0.418794070774E-01  0.424077471381E-01  0.429427149419E-01  0.434843931689E-01
  0.440328655126E-01  0.445882166921E-01  0.451505324639E-01  0.457198996339E-01
  0.462964060691E-01  0.468801407102E-01  0.474711935839E-01  0.480696558150E-01
  0.486756196391E-01  0.492891784151E-01  0.499104266383E-01  0.505394599528E-01
  0.511763751644E-01  0.518212702541E-01  0.524742443909E-01  0.531353979451E-01
  0.538048325016E-01  0.544826508737E-01  0.551689571160E-01  0.558638565389E-01
  0.565674557214E-01  0.572798625258E-01  0.580011861111E-01  0.587315369471E-01
  0.594710268290E-01  0.602197688906E-01  0.609778776198E-01  0.617454688719E-01
  0.625226598849E-01  0.633095692934E-01  0.641063171434E-01  0.649130249073E-01
  0.657298154981E-01  0.665568132845E-01  0.673941441058E-01  0.682419352868E-01
  0.691003156525E-01  0.699694155434E-01  0.708493668306E-01  0.717403029305E-01
  0.726423588206E-01  0.735556710538E-01  0.744803777743E-01  0.754166187324E-01
  0.763645352999E-01  0.773242704851E-01  0.782959689480E-01  0.792797770158E-01
  0.802758426974E-01  0.812843156993E-01  0.823053474400E-01  0.833390910657E-01
  0.843857014644E-01  0.854453352817E-01  0.865181509350E-01  0.876043086286E-01
  0.887039703680E-01  0.898172999750E-01  0.909444631011E-01  0.920856272430E-01
  0.932409617555E-01  0.944106378664E-01  0.955948286896E-01  0.967937092389E-01
  0.980074564414E-01  0.992362491505E-01  0.100480268159      0.101739696210    
  0.103014718013      0.104305520252      0.105612291599      0.106935222724    
  0.108274506309      0.109630337054      0.111002911691      0.112392428992    
  0.113799089777      0.115223096926      0.116664655382      0.118123972165    
  0.119601256372      0.121096719189      0.122610573895      0.124143035863    
  0.125694322571      0.127264653600      0.128854250639      0.130463337484    
  0.132092140044      0.133740886337      0.135409806487      0.137099132726    
  0.138809099389      0.140539942909      0.142291901811      0.144065216706    
  0.145860130281      0.147676887292      0.149515734550      0.151376920908    
  0.153260697250      0.155167316472      0.157097033463      0.159050105090    
  0.161026790170      0.163027349454      0.165052045593      0.167101143116    
  0.169174908398      0.171273609628      0.173397516770      0.175546901532    
  0.177722037320      0.179923199197      0.182150663837      0.184404709475    
  0.186685615855      0.188993664173      0.191329137021      0.193692318318    
  0.196083493251      0.198502948198      0.200950970657      0.203427849164    
  0.205933873215      0.208469333171      0.211034520171      0.213629726030    
  0.216255243140      0.218911364360      0.221598382901      0.224316592207    
  0.227066285831      0.229847757300      0.232661299979      0.235507206924    
  0.238385770732      0.241297283379      0.244242036052      0.247220318977    
  0.250232421235      0.253278630567      0.256359233179      0.259474513528    
  0.262624754102      0.265810235198      0.269031234674      0.272288027705    
  0.275580886524      0.278910080142      0.282275874074      0.285678530038    
  0.289118305645      0.292595454084      0.296110223781      0.299662858054    
  0.303253594748      0.306882665856      0.310550297128      0.314256707660    
  0.318002109466      0.321786707038      0.325610696884      0.329474267047    
  0.333377596607      0.337320855169      0.341304202317      0.345327787061    
  0.349391747258      0.353496209005      0.357641286020      0.361827078991    
  0.366053674905      0.370321146347      0.374629550786      0.378978929814    
  0.383369308380      0.387800693980      0.392273075826      0.396786423983    
  0.401340688473      0.405935798358      0.410571660779      0.415248159965    
  0.419965156216      0.424722484846      0.429519955086      0.434357348961    
  0.439234420122      0.444150892645      0.449106459792      0.454100782727    
  0.459133489199      0.464204172181      0.469312388467      0.474457657231    
  0.479639458537      0.484857231811      0.490110374270      0.495398239299    
  0.500720134798      0.506075321464      0.511463011049      0.516882364558    
  0.522332490407      0.527812442534      0.533321218470      0.538857757355    
  0.544420937922      0.550009576428      0.555622424542      0.561258167200    
  0.566915420406      0.572592729007      0.578288564415      0.584001322309    
  0.589729320289      0.595470795508      0.601223902269      0.606986709599    
  0.612757198802      0.618533260990      0.624312694603      0.630093202915    
  0.635872391543      0.641647765950      0.647416728959      0.653176578281    
  0.658924504065      0.664657586475      0.670372793311      0.676066977673    
  0.681736875685      0.687379104285      0.692990159101      0.698566412419    
  0.704104111252      0.709599375537      0.715048196466      0.720446434971    
  0.725789820376      0.731073949246      0.736294284431      0.741446154354    
  0.746524752538      0.751525137417      0.756442232432      0.761270826462    
  0.766005574598      0.770640999294      0.775171491924      0.779591314773    
  0.783894603492      0.788075370051      0.792127506221      0.796044787614    
  0.799820878320      0.803449336177      0.806923618697      0.810237089698    
  0.813383026660      0.816354628859      0.819145026289      0.821747289424    
  0.824154439848      0.826359461769      0.828355314465      0.830134945678    
  0.831691305970      0.833017364082      0.834106123293      0.834950638801    
  0.835544036122      0.835879530522      0.835950447470      0.835750244090    
  0.835272531611      0.834511098772      0.833459936153      0.832113261385    
  0.830465545171      0.828511538071      0.826246297954      0.823665218027    
  0.820764055355      0.817538959724      0.813986502748      0.810103707052    
  0.805888075386      0.801337619498      0.796450888569      0.791226997035    
  0.785665651553      0.779767176928      0.773532540733      0.766963376404    
  0.760062004550      0.752831452230      0.745275469926      0.737398545974    
  0.729205918176      0.720703582343      0.711898297539      0.702797587768    
  0.693409739905      0.683743797656      0.673809551378      0.663617523603    
  0.653178950143      0.642505756686      0.631610530849      0.620506489652    
  0.609207442474      0.597727749566      0.586082276242      0.574286342956    
  0.562355671475      0.550306327455      0.538154659758      0.525917236891    
  0.513610781024      0.501252100062      0.488858018305      0.476445306259    
  0.464030610196      0.451630382088      0.439260810553      0.426937753463    
  0.414676672866      0.402492572871      0.390399941118      0.378412694447    
  0.366544129328      0.354806877580      0.343212867855      0.331773293294    
  0.320498585710      0.309398396542      0.298481584782      0.287756211951    
  0.277229544112      0.266908060800      0.256797470659      0.246902733400    
  0.237228087656      0.227777084084      0.218552623022      0.209556995786    
  0.200791928617      0.192258628087      0.183957826650      0.175889826878    
  0.168054542413      0.160451530710      0.153080009412      0.145938869200    
  0.139026686082      0.132341734148      0.125881998624      0.119645189197    
  0.113628753558      0.107829891153      0.102245567098      0.968725262207E-01
  0.917073072008E-01  0.867462567696E-01  0.819855439380E-01  0.774211742146E-01
  0.730490037810E-01  0.688647535879E-01  0.648640233396E-01  0.610423053311E-01
  0.573949981055E-01  0.539174198982E-01  0.506048218368E-01  0.474524008646E-01
  0.444553123589E-01  0.416086824153E-01  0.389076197704E-01  0.363472273379E-01
  0.339226133326E-01  0.316289019626E-01  0.294612436660E-01  0.274148248767E-01
  0.254848773003E-01  0.236666866873E-01  0.219556010903E-01  0.203470385970E-01
  0.188364945278E-01  0.174195480967E-01  0.160918685287E-01  0.148492206347E-01
  0.136874698443E-01  0.126025866999E-01  0.115906508181E-01  0.106478543250E-01
  0.977050477689E-02  0.895502757460E-02  0.819796788836E-02  0.749599210545E-02
  0.684588881836E-02  0.624456937105E-02  0.568906798258E-02  0.517654146839E-02
  0.470426858072E-02  0.426964899027E-02  0.387020193205E-02  0.350356453892E-02
  0.316748988663E-02  0.285984477450E-02  0.257860726586E-02  0.232186401255E-02
  0.208780738731E-02  0.187473244780E-02  0.168103375542E-02  0.150520207170E-02
  0.134582095405E-02  0.120156327239E-02  0.107118766681E-02  0.953534965831E-03
  0.847524583720E-03  0.752150914231E-03  0.666479737096E-03  0.589644652407E-03
  0.520843556884E-03  0.459335174813E-03  0.404435655281E-03  0.355515246109E-03
  0.311995053723E-03  0.273343897027E-03  0.239075262237E-03  0.208744364477E-03
  0.181945320954E-03  0.158308439433E-03  0.137497624832E-03  0.119207905799E-03
  0.103163082316E-03  0.891134945477E-04  0.768339124488E-04  0.661215449580E-04
  0.567941670086E-04  0.486883620444E-04  0.416578772517E-04  0.355720883005E-04
  0.303145700330E-04  0.257817692401E-04  0.218817754225E-04  0.185331852443E-04
  0.156640562447E-04  0.132109452825E-04  0.111180271324E-04  0.933628864332E-05
  0.782279389014E-05  0.654001580634E-05  0.545522986769E-05  0.453996550561E-05
  0.376951105766E-05  0.312246820968E-05  0.258035204550E-05  0.212723299360E-05
  0.174941714165E-05  0.143516157813E-05  0.117442161201E-05  0.958626914612E-06
  0.780483820686E-06  0.633801216695E-06  0.513337630931E-06  0.414667322435E-06
  0.334063341525E-06  0.268395703771E-06  0.215042980513E-06  0.171815762127E-06
  0.136890594660E-06  0.108753126068E-06  0.861493249206E-07  0.680437521196E-07
  0.535839749880E-07  0.420703132817E-07  0.329301984209E-07  0.256965109540E-07
  0.199893372536E-07  0.155006551437E-07  0.119815199860E-07  0.923137815897E-08
  0.708918430625E-08  0.542604265673E-08  0.413913158713E-08  0.314670483715E-08
  0.238399282835E-08  0.179985378157E-08  0.135404715820E-08  0.101502172876E-08
  0.758127633557E-09  0.564176455869E-09  0.418285864442E-09  0.308956059355E-09
  0.227334311153E-09  0.166631530403E-09  0.121661235132E-09  0.884766670307E-10
  0.640862948078E-10  0.462316673327E-10  0.332146564168E-10  0.237636603877E-10
  0.169304125583E-10  0.120107286314E-10  0.848389852590E-11  0.596653600298E-11
  0.417759032935E-11  0.291193721991E-11  0.202053429401E-11  0.139557660235E-11
  0.959443112271E-12  0.656504063282E-12  0.447077143341E-12  0.302989982931E-12
  0.204337649129E-12  0.137124817481E-12  0.915596599153E-13  0.608254407786E-13
  0.402005082223E-13  0.264310766594E-13  0.172864847494E-13  0.112454845096E-13
  0.727612363796E-14  0.468212252878E-14  0.299623796206E-14  0.190664697354E-14
  0.120640737693E-14  0.758955390226E-15  0.474685045727E-15  0.295141275360E-15
  0.182413554852E-15  0.112060942189E-15  0.684208191099E-16  0.415169570693E-16
  0.250341004014E-16  0.149993777604E-16  0.892923774551E-17  0.528104766764E-17
  0.310280558266E-17  0.181084625306E-17  0.104969815198E-17  0.604318597398E-18
  0.345500372725E-18  0.196143534185E-18  0.110561464808E-18  0.618726600688E-19
  0.343731564813E-19  0.189550776942E-19  0.103747261489E-19  0.563548775528E-20
  0.303772550717E-20  0.162474615508E-20  0.862183621292E-21  0.453887293458E-21
  0.237020813191E-21  0.122763930930E-21  0.630602968713E-22  0.321215629224E-22
  0.162235799535E-22  0.812380404853E-23  0.403262344864E-23  0.198419137971E-23
  0.967606261762E-24  0.467610190236E-24  0.223918406463E-24  0.106234573788E-24
  0.499299718177E-25  0.232447341634E-25  0.107177468524E-25  0.489378895172E-26
  0.221256652615E-26  0.990381851640E-27  0.438843282847E-27  0.192469193757E-27
  0.835414214688E-28  0.358818271371E-28  0.152483132751E-28  0.641040479316E-29
  0.266567150422E-29  0.109629080216E-29  0.445843684172E-30  0.179273548442E-30
  0.712631301593E-31  0.280005322893E-31  0.108731984626E-31  0.417228713780E-32
  0.158180305536E-32  0.592415983952E-33  0.219144885925E-33  0.800570338695E-34
  0.288777858625E-34  0.102838676804E-34  0.361500170679E-35  0.125415298412E-35
  0.429350876771E-36  0.145018421905E-36  0.483182774867E-37  0.158783344184E-37
  0.514553796784E-38  0.164405148697E-38  0.517826904207E-39  0.160754638628E-39
  0.491786520336E-40  0.148233992107E-40  0.440149612356E-41  0.128723202073E-41
  0.370714358879E-42  0.105116173379E-42  0.293405453775E-43  0.806038399489E-44
  0.217897414441E-44  0.579530904953E-45  0.151617107023E-45  0.390108428398E-46
  0.986974624590E-47  0.245486578533E-47  0.600161075915E-48  0.144192618935E-48
  0.340384557254E-49  0.789340609435E-50  0.179780546902E-50  0.402087167042E-51
  0.882901720833E-52  0.190298043979E-52  0.402532610892E-53  0.835463478550E-54
  0.170109350876E-54  0.339717538908E-55  0.665290256335E-56  0.127738780176E-56
  0.240417698415E-57  0.443464147829E-58  0.801512299621E-59  0.141919810705E-59
  0.246126572672E-60  0.418020758832E-61  0.695063483782E-62  0.113151446864E-62
  0.180243060048E-63  0.280639106213E-64  0.418548756595E-65  0.609465412863E-66

